v1.5
0;0;35;16;#000000
0;1;8:13;18:9;1;1;0;1
0;2;2:0;8.5:13;2;1;5,0,001100,-1:0,5;1
4;1;0:0;18:13.5;1.5;1;0
0;1;2:4;22:10;1;1;0;4
0;1;1:3;23:15;1;10;0;4
0;1;1:3;24:15;1;10;3,0,0,0;4
0;1;3:1;25:14;1;10;0;4
0;1;3:1;22:14;1;10;0;4
0;1;3:1;22:13;1;10;0;4
0;1;3:1;25:13;1;10;0;4
0;1;3:0;25:10;1;10;9;4
0;1;3:3;22.5:9.7;1;10;3,2,0,1;4
0;1;3:3;23:9.6;1;10;3,2,0,1;4
0;1;3:3;24.5:9.7;1;10;3,2,0,1;4
0;1;3:3;24:9.6;1;10;3,2,0,1;4
0;1;3:3;23.5:9.6;1;10;3,2,0,1;4
0;1;3:1;22:12;1;1;0;4
0;1;3:1;25:12;1;1;0;4
0;1;3:1;22:11;1;1;9;4
0;1;3:1;25:11;1;1;0;4
0;1;1:3;21:10;1;1;0;4
0;1;1:3;20:10;1;1;12;4
0;1;1:3;19:10;1;1;0;4
0;1;1:3;18:10;1;1;12;4
0;1;4:3;19:9.2;1;1;0;4
0;1;4:2;19:8.2;1;1;9;4
0;1;4:2;19:7.2;1;1;9;4
0;1;4:2;19:6.2;1;1;9;4
0;1;4:2;19:5.2;1;1;9;4
0;1;4:2;19:4.2;1;1;9;4
0;1;4:0;19:3.2;1;1;0;4
0;1;3:3;20.5:4.2;1;1;3,7,0,0;4
0;1;1:5;25:15;1;1;0;4
0;1;1:3;26:15;1;1;0;4
0;1;1:3;27:15;1;1;0;4
0;1;1:3;28:15;1;1;0;4
0;1;1:3;29:15;1;1;0;4
0;1;1:3;30:15;1;1;0;4
0;1;1:3;31:15;1;1;0;4
0;1;1:3;32:15;1;1;0;4
0;1;1:3;33:15;1;1;12;4
1;11;0:0;26:14.2;1;1;0;4;100
1;11;0:0;27:14.2;1;1;0;4;100
1;11;0:0;28:14.2;1;1;0;4;100
1;11;0:0;29:14.2;1;1;0;4;100
0;1;2:5;34:15;1;1;0;4
0;1;3:1;34:14;1;1;0;4
0;1;3:1;34:13;1;1;0;4
0;1;3:1;34:12;1;1;0;4
0;1;3:1;34:11;1;1;0;4
0;1;3:1;34:10;1;1;0;4
0;1;3:1;34:9;1;1;0;4
0;1;3:1;34:8;1;1;0;4
0;1;3:1;34:7;1;1;0;4
0;1;3:1;34:6;1;1;0;4
0;1;3:1;34:5;1;1;0;4
0;1;3:1;34:4;1;1;0;4
0;1;3:1;34:3;1;1;0;4
0;1;3:1;34:2;1;1;0;4
0;1;3:1;34:1;1;1;0;4
0;1;2:4;34:0;1;1;0;4
0;1;1:3;33:0;1;1;0;4
0;1;1:3;32:0;1;1;0;4
0;1;1:3;31:0;1;1;0;4
0;1;1:3;30:0;1;1;0;4
0;1;1:3;29:0;1;1;0;4
0;1;1:3;28:0;1;1;0;4
0;1;1:3;27:0;1;1;0;4
0;1;1:3;26:0;1;1;0;4
0;1;1:3;25:0;1;1;0;4
0;1;1:3;24:0;1;1;0;4
0;1;1:3;23:0;1;1;0;4
0;1;1:3;22:0;1;1;0;4
0;1;1:3;21:0;1;1;0;4
0;1;1:3;20:0;1;1;0;4
0;1;1:3;19:0;1;1;0;4
0;1;1:3;18:0;1;1;0;4
0;1;1:3;6:0;1;1;0;4
0;1;1:3;5:0;1;1;0;4
0;1;1:3;4:0;1;1;0;4
0;1;1:3;3:0;1;1;0;4
0;1;1:3;2:0;1;1;0;4
0;1;1:3;1:0;1;1;0;4
0;1;0:4;0:0;1;1;0;4
0;1;3:1;0:1;1;1;0;4
0;1;3:1;0:2;1;1;0;4
0;1;3:1;0:3;1;1;0;4
0;1;3:1;0:4;1;1;0;4
0;1;3:1;0:5;1;1;0;4
0;1;3:1;0:6;1;1;0;4
0;1;3:1;0:7;1;1;0;4
0;1;3:1;0:8;1;1;0;4
0;1;3:1;0:9;1;1;0;4
0;1;3:1;0:10;1;1;0;4
0;1;3:1;0:11;1;1;0;4
0;1;3:1;0:12;1;1;0;4
0;1;3:1;0:13;1;1;0;4
0;1;3:1;0:14;1;1;0;4
0;1;0:5;0:15;1;1;0;4
0;1;1:3;1:15;1;1;0;4
0;1;1:3;2:15;1;1;0;4
0;1;1:3;3:15;1;1;0;4
0;1;1:3;4:15;1;1;0;4
0;1;1:3;5:15;1;1;0;4
0;1;1:3;6:15;1;1;0;4
0;1;1:3;18:15;1;1;0;4
0;1;1:3;19:15;1;1;0;4
0;1;1:3;20:15;1;1;0;4
0;1;1:3;21:15;1;1;0;4
0;1;1:5;22:15;1;1;0;4
2;2;0:0;32:14;1;1;0;4;1
2;2;0:0;31:14;1;1;0;4;1
2;2;0:0;31:13;1;1;0;4;1
2;2;0:0;32:13;1;1;0;4;1
2;2;0:0;33:13;1;1;0;4;1
2;2;0:0;33:14;1;1;0;4;1
0;1;3:1;34:11;1;1;3,3,0,1;4
2;1;0:0;20.75:13.75;1.5;1;0;4;1
0;1;3:3;31:12.5;1;1;3,4,0,0;4
0;1;3:3;29:11.5;1;1;3,5,0,1;4
0;1;3:3;27:10.5;1;1;3,6,0,1;4
0;1;3:3;31:8.5;1;1;3,8,0,1;4
0;1;3:3;29:9.5;1;1;3,7,0,1;4
0;1;3:3;33:7.5;1;1;3,9,0,1;4
0;1;3:3;31:6.5;1;1;3,10,0,1;4
0;1;3:3;29:5.5;1;1;3,11,0,1;4
0;1;3:3;27:4.5;1;1;3,12,0,1;4
2;2;0:0;29:9;1;1;0;4;1
2;2;0:0;31:8;1;1;0;4;1
2;2;0:0;33:7;1;1;0;4;1
2;2;0:0;31:6;1;1;0;4;1
2;2;0:0;29:5;1;1;0;4;1
2;1;0:0;27:4;1;1;0;4;1
0;1;6:6;10:9;1;1;0;4
0;1;6:7;10:10;1;1;0;4
0;1;5:6;9:9;1;1;0;4
0;1;5:6;8:8.5;1;1;0;4
0;1;5:6;7:8;1;1;0;4
0;1;5:7;9:10;1;1;0;4
0;1;5:7;8:9.5;1;1;0;4
0;1;5:7;7:9;1;1;0;4
0;1;1:3;11:0;1;1;0;4
0;1;1:3;9:0;1;1;0;4
0;1;1:3;7:0;1;1;0;4
0;1;1:3;8:0;1;1;0;4
0;1;1:3;10:15;1;1;0;4
0;1;1:3;9:15;1;1;0;4
0;1;1:3;8:15;1;1;0;4
0;1;1:3;7:15;1;1;0;4
0;1;5:6;6:7.5;1;1;0;4
0;1;5:6;5:7;1;1;0;4
0;1;5:7;6:8.5;1;1;0;4
0;1;5:7;5:8;1;1;0;4
0;1;5:6;3:6;1;1;0;4
0;1;5:7;3:7;1;1;0;4
0;1;5:6;4:6.5;1;1;0;4
0;1;5:7;4:7.5;1;1;0;4
0;1;0:3;2:6;1;1;12;4
1;4;0:0;1:14;1;1;0;4;100
1;9;0:0;3.5:11;1;1;0;7,2,0,false,1,4:14.5;100
1;9;0:0;4.5:14;1;1;0;7,2,0,false,1,5:11.5;100
1;9;0:0;5.5:11;1;1;0;7,2,0,false,1,6:14.5;100
1;9;0:0;6.5:14;1;1;0;7,2,0,false,1,7:11.5;100
1;9;0:0;6:6;1;1;0;8,90,0,false,-360,6.5:4.5;100
1;9;0:0;6:5;1;1;0;8,90,0,false,-360,6.5:4.5;100
1;9;0:0;5:4;1;1;0;8,90,0,false,-360,6.5:4.5;100
1;9;0:0;4:4;1;1;0;8,90,0,false,-360,6.5:4.5;100
1;9;0:0;7:4;1;1;0;8,90,0,false,-360,6.5:4.5;100
1;9;0:0;8:4;1;1;0;8,90,0,false,-360,6.5:4.5;100
1;9;0:0;6:3;1;1;0;8,90,0,false,-360,6.5:4.5;100
1;9;0:0;6:2;1;1;0;8,90,0,false,-360,6.5:4.5;100
1;9;0:0;9:4;1;1;0;8,90,0,false,-360,6.5:4.5;100
1;9;0:0;6:7;1;1;0;8,90,0,false,-360,6.5:4.5;100
1;9;0:0;3:4;1;1;0;8,90,0,false,-360,6.5:4.5;100
1;9;0:0;6:1;1;1;0;8,90,0,false,-360,6.5:4.5;100
0;1;1:3;17:10;1;1;0;4
0;1;1:3;16:10;1;1;0;4
0;1;1:3;15:10;1;1;0;4
0;1;1:3;14:10;1;1;0;4
0;1;1:3;13:10;1;1;0;4
0;1;1:3;12:10;1;1;0;4
0;1;1:3;11:10;1;1;0;4
0;1;1:3;17:0;1;1;0;4
0;1;1:3;16:0;1;1;0;4
0;1;1:3;15:0;1;1;0;4
0;1;1:3;14:0;1;1;0;4
0;1;1:3;13:0;1;1;0;4
0;1;1:3;12:0;1;1;0;4
0;1;1:3;17:15;1;1;0;4
0;1;1:3;16:15;1;1;0;4
0;1;1:3;15:15;1;1;0;4
0;1;1:3;14:15;1;1;0;4
0;1;1:3;13:15;1;1;0;4
0;1;1:3;12:15;1;1;0;4
0;1;1:3;11:15;1;1;0;4
1;9;0:0;7.5:11;1;1;0;7,2,0,false,1,8:14.5;100
0;1;3:2;11:7;1;1;0;4
0;1;3:1;11:6;1;1;0;4
0;1;3:1;11:5;1;1;0;4
0;1;3:1;11:4;1;1;0;4
0;1;3:1;11:3;1;1;0;4
0;1;3:1;10:1;1;1;0;4
0;1;1:4;10:0;1;1;0;4
0;1;2:4;11:2;1;1;0;4
0;1;0:5;10:2;1;1;0;4
0;1;1:3;17:2.5;1;1;0;4
0;1;1:3;16:2.5;1;1;0;4
0;1;1:3;15:2.5;1;1;0;4
0;1;1:3;14:2.5;1;1;0;4
0;1;2:3;18:2.5;1;1;12;4
0;1;0:3;13:2.5;1;1;0;4
0;1;1:3;16:5.5;1;1;0;4
0;1;1:3;15:5.5;1;1;0;4
0;1;1:3;14:5.5;1;1;0;4
0;1;2:3;17:5.5;1;1;0;4
0;1;0:3;12:5.5;1;1;0;4
0;1;1:3;16:8.5;1;1;0;4
0;1;1:3;15:8.5;1;1;0;4
0;1;1:3;14:8.5;1;1;0;4
0;1;2:3;17:8.5;1;1;0;4
0;1;0:3;13:8.5;1;1;0;4
0;1;1:3;13:5.5;1;1;0;4
1;9;0:0;11:1;1;1;0;7,4,0,false,1,18.5:1.5;100
1;9;0:0;13:3.5;1;1;0;7,2,0,false,4,13.5:5,19:5,19:4,13.5:4;100
1;9;0:0;1:3.5;1;1;0;7,2,0,false,1,1.5:8.5;100
1;9;0:0;13:6.5;0.5;1;0;7,2,1400,false,1,13.5:8.5;100
1;9;0:0;13.5:6.5;0.5;1;0;7,2,1200,false,1,14:8.5;100
1;9;0:0;14:6.5;0.5;1;0;7,2,1000,false,1,14.5:8.5;100
1;9;0:0;14.5:6.5;0.5;1;0;7,2,800,false,1,15:8.5;100
1;9;0:0;15:6.5;0.5;1;0;7,2,600,false,1,15.5:8.5;100
1;9;0:0;15.5:6.5;0.5;1;0;7,2,400,false,1,16:8.5;100
1;9;0:0;16:6.5;0.5;1;0;7,2,200,false,1,16.5:8.5;100
1;9;0:0;16.5:6.5;0.5;1;0;7,2,0,false,1,17:8.5;100
1;9;0:0;12.5:6.5;0.5;1;0;7,2,1600,false,1,13:8.5;100
1;11;0:0;11.1:14.2;1;1;0;4;100
1;11;0:0;12.2:14.2;1;1;0;4;100
1;11;0:0;13.3:14.2;1;1;0;4;100
1;11;0:0;14.4:14.2;1;1;0;4;100
1;11;0:0;10:14.2;1;1;0;4;100
1;11;0:0;15.5:14.2;1;1;0;4;100
3;1;0:0;20:8.5;1.3;1;0