v1.5
0;0;9;10;#000000
1;2;0:0;3:8;1;10;5,0,FF0000,1:0,5;1;100
1;2;0:0;5:8;1;10;5,0,FF0000,1:0,5;1;100
0;2;1:2;0:0;1;10;0;4
0;2;1:2;0:1;1;10;0;4
0;2;1:2;0:2;1;10;0;4
0;2;1:2;0:3;1;10;0;4
0;2;1:2;0:4;1;10;0;4
0;2;1:2;0:5;1;10;0;4
0;2;1:2;0:6;1;10;0;4
0;2;1:2;0:7;1;10;0;4
0;2;1:2;0:8;1;10;0;4
0;2;1:2;0:9;1;10;0;4
0;2;1:2;1:9;1;10;0;4
0;2;1:2;2:9;1;10;0;4
0;2;1:2;3:9;1;10;0;4
0;2;1:2;4:9;1;10;0;4
0;2;1:2;5:9;1;10;0;4
0;2;1:2;6:9;1;10;0;4
0;2;1:2;7:9;1;10;0;4
0;2;1:2;8:9;1;10;0;4
0;2;1:2;8:8;1;10;0;4
0;2;1:2;8:7;1;10;0;4
0;2;1:2;8:6;1;10;0;4
0;2;1:2;8:5;1;10;0;4
0;2;1:2;8:4;1;10;0;4
0;2;1:2;8:3;1;10;0;4
0;2;1:2;8:2;1;10;0;4
0;2;1:2;8:1;1;10;0;4
0;2;1:2;8:0;1;10;0;4
4;1;0:0;7:8;1;10;0
3;2;0:0;1:8;1;10;0
1;2;0:0;4:8;1;10;5,0,FF0000,1:0,5;3;100
1;2;0:0;6:8;1;10;5,0,FF0000,1:0,5;3;100