v1.4
1;0;20;12;#000000
0;3;0:0;16:8;1;1;0;1
0;3;1:0;17:8;1;1;0;1
0;3;2:0;18:8;1;1;0;1
3;3;0:0;2:9;1;2;0
4;1;0:0;18:5;1;1;0
0;2;0:1;2:7.5;1;1;3,0,0,0;4
0;2;0:1;4:7;1;1;3,1,0,250;4
0;2;0:1;6:6.5;1;1;3,2,0,-250;4
0;2;0:1;0:0;1;1;0;4
0;2;0:1;0:1;1;1;0;4
0;2;0:1;0:2;1;1;0;4
0;2;0:1;0:3;1;1;0;4
0;2;0:1;0:4;1;1;0;4
0;2;0:1;0:5;1;1;0;4
0;2;0:1;0:6;1;1;0;4
0;2;0:1;0:7;1;1;0;4
0;2;0:1;0:8;1;1;0;4
0;2;0:1;0:9;1;1;0;4
0;2;0:1;0:10;1;1;0;4
0;2;0:1;0:11;1;1;0;4
0;2;0:1;19:0;1;1;0;4
0;2;0:1;19:1;1;1;0;4
0;2;0:1;19:2;1;1;0;4
0;2;0:1;19:3;1;1;0;4
0;2;0:1;19:4;1;1;0;4
0;2;0:1;19:5;1;1;0;4
0;2;0:1;19:6;1;1;0;4
0;2;0:1;19:7;1;1;0;4
0;2;0:1;19:8;1;1;0;4
0;2;0:1;19:9;1;1;0;4
0;2;0:1;19:10;1;1;0;4
0;2;0:1;19:11;1;1;0;4
0;2;0:0;1:11;1;1;0;4
0;2;0:0;2:11;1;1;0;4
0;2;0:0;3:11;1;1;0;4
0;2;0:0;4:11;1;1;0;4
0;2;0:0;5:11;1;1;0;4
0;2;0:0;6:11;1;1;0;4
0;2;0:0;7:11;1;1;0;4
0;2;0:0;8:11;1;1;0;4
0;2;0:0;9:11;1;1;0;4
0;2;0:0;10:11;1;1;0;4
0;2;0:0;11:11;1;1;0;4
0;2;0:0;12:11;1;1;0;4
0;2;0:0;13:11;1;1;0;4
0;2;0:0;14:11;1;1;0;4
0;2;0:0;15:11;1;1;0;4
0;2;0:0;16:11;1;1;0;4
0;2;0:0;17:11;1;1;0;4
0;2;0:0;18:11;1;1;0;4
0;2;1:1;1:10;1;1;0;4
0;2;1:1;2:10;1;1;0;4
0;2;1:1;3:10;1;1;0;4
0;2;1:1;4:10;1;1;0;4
0;2;1:1;5:10;1;1;0;4
0;2;1:1;6:10;1;1;0;4
0;2;1:1;7:10;1;1;0;4
0;2;1:1;8:10;1;1;0;4
0;2;1:1;9:10;1;1;0;4
0;2;1:1;10:10;1;1;0;4
0;2;0:2;11:10;1;1;0;4
0;2;0:2;12:10;1;1;0;4
0;2;0:2;13:10;1;1;0;4
0;2;0:2;14:10;1;1;0;4
0;2;0:2;15:10;1;1;0;4
0;2;0:2;16:10;1;1;0;4
0;2;0:2;17:10;1;1;0;4
0;2;0:2;18:10;1;1;0;4
0;2;0:2;18:9;1;1;0;4
0;2;0:2;17:9;1;1;0;4
0;2;0:2;16:9;1;1;0;4
0;2;0:2;15:9;1;1;0;4
0;2;0:2;14:9;1;1;0;4
0;2;1:0;11:9;1;1;0;4
0;2;1:0;12:9;1;1;0;4
0;2;1:0;13:9;1;1;0;4
0;2;1:1;14:8;1;1;0;4
0;2;1:1;15:8;1;1;0;4
0;2;2:0;18:6;1;1;0;4
1;2;0:1;5:9;1;1;2,50,500,4;4;25
1;2;0:1;6:9;1;1;0;4;25
1;2;0:1;10:9;1;1;0;4;25
1;2;0:1;13:8;1;1;2,50,500,2;4;25
2;1;0:0;4:9;1;1;0;4;10
2;1;0:0;8:9;1;1;0;4;10
2;1;0:0;12:8;1;1;0;4;10
2;1;0:0;15:7;1;1;0;4;10
1;2;1:0;10:8;1;10;0;8,60,0,false,360,7:5;100
1;2;1:0;4:8;1;10;0;8,60,0,false,360,7:5;100
1;2;1:0;4:2;1;10;0;8,60,0,false,360,7:5;100
1;2;1:0;10:2;1;10;0;8,60,0,false,360,7:5;100