v1.5
8;0;28;18;#000000
0;2;1:0;14:11.5;1;10;3,3,0,1000;1
4;1;0:0;4:2;1;10;0
3;2;0:0;2.5:10;1;10;0
0;2;0:1;0:2;1;10;9;4
0;2;0:1;0:3;1;10;9;4
0;2;0:1;0:4;1;10;9;4
0;2;0:1;0:5;1;10;9;4
0;2;0:1;0:6;1;10;9;4
0;2;0:1;0:7;1;10;9;4
0;2;0:1;0:8;1;10;9;4
0;2;0:1;0:9;1;10;9;4
0;2;0:1;0:13;1;10;0;4
0;2;0:1;0:14;1;10;0;4
0;2;0:1;0:15;1;10;0;4
0;2;0:1;0:16;1;10;0;4
0;2;0:1;0:17;1;10;0;4
0;2;0:1;1:17;1;10;0;4
0;2;0:1;2:17;1;10;0;4
0;2;0:1;3:17;1;10;0;4
0;2;0:1;4:17;1;10;0;4
0;2;0:1;5:17;1;10;0;4
0;2;0:1;6:17;1;10;0;4
0;2;0:1;7:17;1;10;0;4
0;2;0:1;8:17;1;10;0;4
0;2;0:1;9:17;1;10;0;4
0;2;0:1;10:17;1;10;0;4
0;2;0:1;11:17;1;10;0;4
0;2;0:1;12:17;1;10;0;4
0;2;0:1;13:17;1;10;0;4
0;2;0:1;14:17;1;10;0;4
0;2;0:1;15:17;1;10;0;4
0;2;0:1;16:17;1;10;0;4
0;2;0:1;17:17;1;10;0;4
0;2;0:1;18:17;1;10;0;4
0;2;0:1;19:17;1;10;0;4
0;2;0:1;20:17;1;10;0;4
0;2;0:1;21:17;1;10;0;4
0;2;0:1;22:17;1;10;0;4
0;2;0:1;23:17;1;10;0;4
0;2;0:1;24:17;1;10;0;4
0;2;0:1;25:17;1;10;0;4
0;2;0:1;26:17;1;10;0;4
0;2;0:1;27:17;1;10;0;4
0;2;0:1;27:16;1;10;0;4
0;2;0:1;27:15;1;10;0;4
0;2;0:1;27:14;1;10;0;4
0;2;0:1;27:13;1;10;0;4
0;2;0:1;27:12;1;10;0;4
0;2;0:1;27:11;1;10;0;4
0;2;0:1;27:10;1;10;0;4
0;2;0:1;27:9;1;10;0;4
0;2;0:1;27:8;1;10;0;4
0;2;0:1;27:7;1;10;0;4
0;2;0:1;27:6;1;10;0;4
0;2;0:1;27:5;1;10;0;4
0;2;0:1;27:4;1;10;0;4
0;2;0:1;27:3;1;10;0;4
0;2;0:1;27:2;1;10;0;4
1;2;0:1;2:16;1;10;0;4;5
1;2;0:1;3:16;1;10;0;4;5
1;2;0:1;4:16;1;10;0;4;5
1;2;0:1;5:16;1;10;0;4;5
1;2;0:1;6:16;1;10;0;4;5
1;2;0:1;7:16;1;10;0;4;5
1;2;0:1;8:16;1;10;0;4;5
1;2;0:1;9:16;1;10;0;4;5
1;2;0:1;10:16;1;10;0;4;5
1;2;0:1;11:16;1;10;0;4;5
1;2;0:1;12:16;1;10;0;4;5
1;2;0:1;13:16;1;10;0;4;5
1;2;0:1;14:16;1;10;0;4;5
1;2;0:1;15:16;1;10;0;4;5
1;2;0:1;16:16;1;10;0;4;5
1;2;0:1;17:16;1;10;0;4;5
1;2;0:1;18:16;1;10;0;4;5
1;2;0:1;19:16;1;10;0;4;5
1;2;0:1;20:16;1;10;0;4;5
1;2;0:1;21:16;1;10;0;4;5
1;2;0:1;22:16;1;10;0;4;5
1;2;0:1;23:16;1;10;0;4;5
1;2;0:1;24:16;1;10;0;4;5
1;2;0:1;25:16;1;10;0;4;5
1;2;0:1;26:16;1;10;0;4;5
0;2;2:1;2:13;1;10;0;4
0;2;2:1;3:13;1;10;0;4
0;2;0:1;2:14;1;10;0;4
0;2;2:1;1:13;1;10;0;7,1,0,false,1,1.5:20.5
0;2;2:1;4:13;1;10;0;4
0;2;2:1;5:13;1;10;0;4
0;2;2:3;5:12;1;10;0;4
0;2;2:3;4:12;1;10;0;4
0;2;2:3;5:11;1;10;0;4
0;2;0:1;6:13;1;10;0;4
0;2;0:1;6:12;1;10;0;4
0;2;2:1;6:11;1;10;3,0,0,0;4
2;1;0:0;1:8;1;10;0;4;10
2;1;0:0;1:7;1;10;0;4;10
2;1;0:0;1:6;1;10;0;4;10
2;1;0:0;1:5;1;10;0;4;10
2;1;0:0;1:4;1;10;0;4;10
2;1;0:0;1:3;1;10;0;4;10
2;1;0:0;1:2;1;10;0;4;10
2;1;0:0;1:1;1;10;0;4;10
0;2;2:1;9:11;1;10;3,1,0,1000;4
0;2;2:1;12:11;1;10;3,2,0,1000;4
0;2;2:1;15.5:13.5;1;10;3,3,0,1000;4
0;2;2:1;18:11;1;10;3,5,0,1000;4
0;2;2:1;21:11;1;10;3,6,0,1000;4
0;2;2:1;24:11;1;10;0;4
0;2;2:1;25:11;1;10;0;4
0;2;2:1;26:11;1;10;0;7,1,0,false,1,26.5:6.5
0;2;0:1;24:12;1;10;0;4
0;2;0:1;25:12;1;10;0;4
0;2;0:1;26:12;1;10;0;4
0;2;0:1;3:14;1;10;0;4
0;2;0:1;4:14;1;10;0;4
0;2;0:1;5:14;1;10;0;4
0;2;0:1;6:14;1;10;0;4
0;2;2:1;25:6;1;10;0;4
0;2;2:1;24:6;1;10;0;4
0;2;2:1;23:6;1;10;0;4
0;2;2:1;22:6;1;10;0;4
0;2;2:1;21:6;1;10;0;4
0;2;2:1;20:6;1;10;0;4
0;2;2:1;19:6;1;10;0;4
0;2;2:1;18:6;1;10;0;4
0;2;2:1;17:6;1;10;0;4
0;2;2:1;16:6;1;10;0;4
0;2;2:1;15:6;1;10;0;4
0;2;2:1;14:6;1;10;0;4
0;2;2:1;13:6;1;10;0;4
0;2;2:1;12:6;1;10;0;4
0;2;2:1;11:6;1;10;0;4
0;2;2:1;10:6;1;10;0;4
0;2;2:1;9:6;1;10;0;4
0;2;2:1;8:6;1;10;0;4
0;2;2:1;7:6;1;10;0;4
0;2;0:1;6:6;1;10;0;4
0;2;0:1;5:6;1;10;0;4
0;2;0:1;4:6;1;10;0;4
0;2;0:1;5:5;1;10;0;4
0;2;0:1;4:5;1;10;0;4
0;2;0:1;3:1;1;10;0;4
0;2;0:1;3:4;1;10;0;4
0;2;0:1;3:5;1;10;0;4
0;2;0:1;3:6;1;10;0;4
0;2;0:1;1:0;1;10;0;4
0;2;0:1;2:0;1;10;0;4
0;2;0:1;3:0;1;10;0;4
0;2;0:1;4:0;1;10;0;4
0;2;0:1;5:0;1;10;0;4
0;2;0:1;6:0;1;10;0;4
0;2;0:1;7:0;1;10;0;4
0;2;0:1;8:0;1;10;0;4
0;2;0:1;9:0;1;10;0;4
0;2;0:1;10:0;1;10;0;4
0;2;0:1;11:0;1;10;0;4
0;2;0:1;12:0;1;10;0;4
0;2;0:1;13:0;1;10;0;4
0;2;0:1;14:0;1;10;0;4
0;2;0:1;15:0;1;10;0;4
0;2;0:1;16:0;1;10;0;4
0;2;0:1;17:0;1;10;0;4
0;2;0:1;18:0;1;10;0;4
0;2;0:1;19:0;1;10;0;4
0;2;0:1;20:0;1;10;0;4
0;2;0:1;21:0;1;10;0;4
0;2;0:1;22:0;1;10;0;4
0;2;0:1;23:0;1;10;0;4
0;2;0:1;24:0;1;10;0;4
0;2;0:1;25:0;1;10;0;4
0;2;0:1;26:0;1;10;0;4
0;2;2:1;4:3;1;10;0;4
0;2;2:1;5:4;1;10;0;4
0;2;2:1;6:5;1;10;0;4
2;1;0:1;6:4;1;10;0;4;100
0;2;2:3;11:5;1;10;0;4
0;2;2:3;17:5;1;10;0;4
0;2;2:3;23:5;1;10;0;4
1;2;0:1;23:4;1;10;0;4;20
1;2;0:1;17:4;1;10;0;4;20
1;2;0:1;11:4;1;10;0;4;20
2;1;0:0;11:2;1;10;0;4;10
2;1;0:0;17:2;1;10;0;4;10
2;1;0:0;23:2;1;10;0;4;10
1;2;1:1;8:5;1;10;0;6,1,0,false,1;20
1;2;1:1;14:5;1;10;0;6,1,0,false,1;20
1;2;1:1;20:5;1;10;0;6,1,0,false,1;20
1;2;1:0;15:13;1;10;5,0,666666,0.5:0,3;8,50,0,false,-360,15.5:11.5;50
1;2;1:0;11:11;1;10;5,0,666666,0.5:0,3;8,50,0,false,360,15.5:11.5;50
1;2;1:0;15:9;1;10;5,0,666666,0.5:0,3;8,50,0,false,-360,15.5:11.5;50
1;2;1:0;19:11;1;10;5,0,666666,0.5:0,3;8,50,0,false,360,15.5:11.5;50
0;2;0:1;0:0;1;10;0;4
0;2;0:1;0:1;1;10;9;4
0;2;0:1;27:0;1;10;0;4
0;2;0:1;27:1;1;10;0;4
0;2;0:1;3:2;1;10;0;4
0;2;0:1;3:3;1;10;0;4
0;2;0:1;4:4;1;10;0;4
0;4;0:0;7:12;1;10;8;4
0;4;0:0;7:13;1;10;8;4
0;4;0:0;7:14;1;10;8;4
0;4;0:0;7:15;1;10;8;4
0;2;1:3;0:10;1;10;0;4
0;2;1:3;0:11;1;10;0;4
0;2;1:3;0:12;1;10;0;4
0;2;2:3;2:12;1;10;0;4
2;1;0:0;7:16;1;10;0;4;1
0;2;2:0;17:12.5;1;10;3,4,0,1000;4
2;1;0:0;7:15.5;1;10;0;4;1
2;1;0:0;7:15;1;10;0;4;1
2;1;0:0;7:14.5;1;10;0;4;1