v1.5
0;0;38;150;#000000
0;1;6:14;-4:150.5;1;1;8;1
0;1;6:13;-4:149.5;1;1;8;1
0;1;6:13;-4:148.5;1;1;8;1
0;1;6:13;-4:147.5;1;1;8;1
0;1;6:13;-4:146.5;1;1;8;1
0;1;6:13;-4:145.5;1;1;8;1
0;1;6:13;-4:144.5;1;1;8;1
0;1;6:13;-4:143.5;1;1;8;1
0;1;6:13;-4:142.5;1;1;8;1
0;1;6:12;-4:140.5;1;1;8;1
0;1;6:13;-4:141.5;1;1;8;1
0;1;2:1;-23:134;1;1;0;4
0;1;2:1;-23:135;1;1;0;4
0;1;2:1;-23:136;1;1;0;4
0;1;2:1;-23:137;1;1;0;4
0;1;2:1;-23:138;1;1;0;4
0;1;2:1;-23:139;1;1;0;4
0;1;2:1;-23:140;1;1;0;4
0;1;2:1;-23:141;1;1;0;4
0;1;2:1;-23:142;1;1;0;4
0;1;2:1;-23:143;1;1;0;4
0;1;2:1;-23:144;1;1;0;4
0;1;2:1;-23:145;1;1;0;4
0;1;2:1;-23:146;1;1;0;4
0;1;2:1;-23:147;1;1;0;4
0;1;2:1;-23:148;1;1;0;4
0;1;2:1;-23:149;1;1;0;4
0;1;2:1;-23:150;1;1;0;4
0;1;2:1;-23:151;1;1;3,0,0,0;4
0;1;1:1;-23:152;1;1;0;4
0;1;1:1;-23:153;1;1;0;4
1;2;0:0;-22:153;1;1;0;4;100
1;2;0:0;-21:153;1;1;0;4;100
1;2;0:0;-20:153;1;1;0;4;100
1;2;0:0;-19:153;1;1;0;4;100
1;2;0:0;-18:153;1;1;0;4;100
1;2;0:0;-17:153;1;1;0;4;100
1;2;0:0;-16:153;1;1;0;4;100
1;2;0:0;-15:153;1;1;0;4;100
1;2;0:0;-14:153;1;1;0;4;100
1;2;0:0;-13:153;1;1;0;4;100
1;2;0:0;-12:153;1;1;0;4;100
1;2;0:0;-11:153;1;1;0;4;100
1;2;0:0;-10:153;1;1;0;4;100
1;2;0:0;-9:153;1;1;0;4;100
1;2;0:0;-8:153;1;1;0;4;100
1;2;0:0;-7:153;1;1;0;4;100
1;2;0:0;-6:153;1;1;0;4;100
1;2;0:0;-5:153;1;1;0;4;100
1;2;0:0;-4:153;1;1;0;4;100
1;2;0:0;-3:153;1;1;0;4;100
1;2;0:0;-2:153;1;1;0;4;100
1;2;0:0;-1:153;1;1;0;4;100
1;2;0:0;0:153;1;1;0;4;100
1;2;0:0;1:153;1;1;0;4;100
1;2;0:0;2:153;1;1;0;4;100
1;2;0:0;3:153;1;1;0;4;100
1;2;0:0;4:153;1;1;0;4;100
1;2;0:0;5:153;1;1;0;4;100
1;2;0:0;6:153;1;1;0;4;100
1;2;0:0;7:153;1;1;0;4;100
0;1;1:8;-22:152;1;1;0;4
0;1;1:9;-22:153;1;1;0;4
0;1;4:8;-18:152;1;1;0;4
0;1;4:10;-18:153;1;1;0;4
0;1;4:8;-10:152;1;1;0;4
0;1;4:10;-10:153;1;1;0;4
0;1;3:11;-19:151.5;1;1;3,1,0,1;4
0;1;3:11;-17:151.5;1;1;3,2,0,1;4
0;1;3:11;-14:151.5;1;1;3,3,0,-1;4
1;7;0:0;-18:147;1;1;0;7,1,0,false,3,-16.5:149.5,-18.5:149.5,-17.5:147.5;100
0;1;0:8;7:152;1;1;0;4
0;1;0:9;7:153;1;1;0;4
0;1;1:0;14:152;1;1;0;4
0;1;1:0;13:152;1;1;0;4
0;1;1:0;12:152;1;1;0;4
0;1;1:0;11:152;1;1;0;4
0;1;1:0;10:152;1;1;0;4
0;1;1:0;9:152;1;1;0;4
0;1;1:0;8:152;1;1;0;4
0;1;1:1;14:153;1;1;0;4
0;1;1:1;13:153;1;1;0;4
0;1;1:1;12:153;1;1;0;4
0;1;1:1;11:153;1;1;0;4
0;1;1:1;10:153;1;1;0;4
0;1;1:1;9:153;1;1;0;4
0;1;1:1;8:153;1;1;0;4
0;1;0:11;-6:152;1;1;0;4
0;1;1:11;-5:152;1;1;0;4
0;1;1:11;-4:152;1;1;0;4
0;1;3:10;-3:152;1;1;0;4
0;1;3:10;-2:152;1;1;0;4
0;1;3:10;-1:152;1;1;0;4
0;1;3:10;0:152;1;1;0;4
0;1;1:10;1:152;1;1;0;4
0;1;8:12;7.5:151;1;1;0;4
2;1;0:0;9:151;1;1;0;4;1
2;1;0:0;10:151;1;1;0;4;1
2;1;0:0;11:151;1;1;0;4;1
2;1;0:0;12:151;1;1;0;4;1
2;1;0:0;13:151;1;1;0;4;1
2;1;0:0;14:151;1;1;0;4;1
0;1;0:1;-3:151;1;1;0;4
0;1;0:1;-3:150;1;1;0;4
0;1;0:1;-3:149;1;1;0;4
0;1;8:9;1:151;1;1;0;4
0;1;1:1;0:151;1;1;0;4
0;1;1:1;-1:151;1;1;0;4
0;1;1:1;-2:151;1;1;0;4
0;1;0:1;-3:148;1;1;0;4
0;1;1:0;-2:148;1;1;0;4
0;1;1:0;-1:148;1;1;0;4
0;1;1:2;-2:145;1;1;0;4
0;1;1:2;-1:145;1;1;0;4
0;1;0:1;-3:145;1;1;0;4
0;1;0:1;-3:144;1;1;0;4
0;1;0:1;-3:143;1;1;0;4
0;1;0:1;-3:142;1;1;0;4
0;1;0:0;-3:141;1;1;0;4
0;1;1:0;-2:141;1;1;0;4
0;1;1:0;-1:141;1;1;0;4
1;3;0:0;-1.5:140;1;1;0;4;100
0;1;1:1;-2:142;1;1;0;4
0;1;1:1;-1:142;1;1;0;4
0;1;1:1;-1:143;1;1;0;4
0;1;1:1;-1:144;1;1;0;4
0;1;1:1;-2:144;1;1;0;4
0;1;1:1;-2:143;1;1;0;4
0;1;1:1;-2:149;1;1;0;4
0;1;1:1;-1:149;1;1;0;4
0;1;1:1;-1:150;1;1;0;4
0;1;1:1;-2:150;1;1;0;4
2;4;0:0;-2:146;1;1;0;4;1
2;4;0:0;-1:146;1;1;0;4;1
2;4;0:0;-1:147;1;1;0;4;1
2;4;0:0;-2:147;1;1;0;4;1
1;5;0:0;-4:141;1;1;0;7,1,0,false,1,-3.5:145.5;100
0;1;2:3;-6:146;1;1;0;4
0;1;1:3;-7:146;1;1;0;4
0;1;1:3;-8:146;1;1;0;4
0;1;1:3;-9:146;1;1;0;4
0;1;1:3;-10:146;1;1;0;4
0;1;0:3;-11:146;1;1;0;4
0;1;4:1;-10:143;1;1;0;4
0;1;4:1;-7:143;1;1;0;4
0;1;4:2;-10:144;1;1;0;4
0;1;4:2;-7:144;1;1;0;4
0;1;4:3;-10:145;1;1;0;4
0;1;4:3;-7:145;1;1;0;4
0;1;1:1;-10:142;1;1;0;4
0;1;1:1;-7:142;1;1;0;4
0;1;0:2;-12:142;1;1;0;4
0;1;2:2;-5:142;1;1;0;4
0;1;1:2;-9:142;1;1;0;4
0;1;1:2;-8:142;1;1;0;4
0;1;0:0;-12:141;1;1;0;4
0;1;2:0;-5:141;1;1;0;4
0;1;1:0;-7:141;1;1;0;4
0;1;1:0;-8:141;1;1;0;4
0;1;1:0;-9:141;1;1;0;4
0;1;1:0;-10:141;1;1;0;4
2;2;0:0;-10:140;1;1;0;4;1
2;2;0:0;-9:140;1;1;0;4;1
2;2;0:0;-8:140;1;1;0;4;1
2;2;0:0;-7:140;1;1;0;4;1
0;1;7:12;-6:140;1;1;0;4
0;1;3:3;-12:145.5;1;1;0;7,1,0,false,2,-14:144,-12.5:141
0;1;1:2;-11:142;1;1;0;4
0;1;1:0;-11:141;1;1;0;4
0;1;1:2;-6:142;1;1;0;4
0;1;1:0;-6:141;1;1;0;4
0;1;0:3;0:148;1;1;0;4
0;1;1:3;1:148;1;1;0;4
0;1;2:3;37:148;1;1;0;4
1;11;0:0;-18:151.2;1;1;0;4;100
0;1;1:3;2:148;1;1;0;4
0;1;1:3;3:148;1;1;0;4
0;1;1:3;4:148;1;1;0;4
0;1;1:3;5:148;1;1;0;4
0;1;1:3;6:148;1;1;0;4
0;1;1:3;7:148;1;1;3,0,0,0;4
0;1;1:3;8:148;1;1;0;4
0;1;1:3;9:148;1;1;0;4
0;1;1:3;10:148;1;1;0;4
0;1;1:3;11:148;1;1;0;4
0;1;1:3;12:148;1;1;0;4
0;1;0:0;-16:143;1;1;0;4
0;1;1:3;13:148;1;1;0;4
0;1;1:3;14:148;1;1;0;4
0;1;1:3;15:148;1;1;0;4
0;1;1:3;16:148;1;1;0;4
0;1;1:3;17:148;1;1;0;4
0;1;1:3;18:148;1;1;0;4
0;1;1:3;19:148;1;1;0;4
0;1;1:3;20:148;1;1;0;4
0;1;1:3;21:148;1;1;0;4
0;1;1:3;22:148;1;1;0;4
0;1;1:3;23:148;1;1;0;4
0;1;1:3;24:148;1;1;0;4
0;1;1:3;25:148;1;1;0;4
0;1;1:3;26:148;1;1;0;4
0;1;1:3;27:148;1;1;0;4
0;1;1:3;28:148;1;1;0;4
0;1;1:3;29:148;1;1;0;4
0;1;1:3;30:148;1;1;0;4
0;1;1:3;31:148;1;1;0;4
0;1;1:3;32:148;1;1;0;4
0;1;1:3;33:148;1;1;0;4
0;1;1:3;34:148;1;1;0;4
0;1;1:3;35:148;1;1;0;4
0;1;1:3;36:148;1;1;0;4
3;1;0:0;29:146.5;1.3;1;0
0;1;3:1;-3:147;1;1;0;3
0;1;3:1;-3:146;1;1;0;3
0;1;0:1;-3:148;1;1;0;3