v1.5
0;0;40;20;#000000
0;1;6:14;19:16.5;1;1;8;1
0;1;6:13;19:15.5;1;1;8;1
0;1;6:13;19:14.5;1;1;8;1
0;1;6:13;19:13.5;1;1;8;1
0;1;6:13;19:12.5;1;1;8;1
0;1;6:13;19:11.5;1;1;8;1
0;1;6:13;19:10.5;1;1;8;1
0;1;6:13;19:9.5;1;1;8;1
0;1;6:13;19:8.5;1;1;8;1
0;1;6:12;19:6.5;1;1;8;1
0;1;6:13;19:7.5;1;1;8;1
0;2;0:0;25:9;5;1;5,0,FF0000,1:0,5;1
0;1;2:1;0:0;1;1;0;4
0;1;2:1;0:1;1;1;0;4
0;1;2:1;0:2;1;1;0;4
0;1;2:1;0:3;1;1;0;4
0;1;2:1;0:4;1;1;0;4
0;1;2:1;0:5;1;1;0;4
0;1;2:1;0:6;1;1;0;4
0;1;2:1;0:7;1;1;0;4
0;1;2:1;0:8;1;1;0;4
0;1;2:1;0:9;1;1;0;4
0;1;2:1;0:10;1;1;0;4
0;1;2:1;0:11;1;1;0;4
0;1;2:1;0:12;1;1;0;4
0;1;2:1;0:13;1;1;0;4
0;1;2:1;0:14;1;1;0;4
0;1;2:1;0:15;1;1;0;4
0;1;2:1;0:16;1;1;0;4
0;1;2:1;0:17;1;1;3,0,0,0;4
0;1;1:1;0:18;1;1;0;4
0;1;1:1;0:19;1;1;0;4
1;2;0:0;1:19;1;1;0;4;100
1;2;0:0;2:19;1;1;0;4;100
1;2;0:0;3:19;1;1;0;4;100
1;2;0:0;4:19;1;1;0;4;100
1;2;0:0;5:19;1;1;0;4;100
1;2;0:0;6:19;1;1;0;4;100
1;2;0:0;7:19;1;1;0;4;100
1;2;0:0;8:19;1;1;0;4;100
1;2;0:0;9:19;1;1;0;4;100
1;2;0:0;10:19;1;1;0;4;100
1;2;0:0;11:19;1;1;0;4;100
1;2;0:0;12:19;1;1;0;4;100
1;2;0:0;13:19;1;1;0;4;100
1;2;0:0;14:19;1;1;0;4;100
1;2;0:0;15:19;1;1;0;4;100
1;2;0:0;16:19;1;1;0;4;100
1;2;0:0;17:19;1;1;0;4;100
1;2;0:0;18:19;1;1;0;4;100
1;2;0:0;19:19;1;1;0;4;100
1;2;0:0;20:19;1;1;0;4;100
1;2;0:0;21:19;1;1;0;4;100
1;2;0:0;22:19;1;1;0;4;100
1;2;0:0;23:19;1;1;0;4;100
1;2;0:0;24:19;1;1;0;4;100
1;2;0:0;25:19;1;1;0;4;100
1;2;0:0;26:19;1;1;0;4;100
1;2;0:0;27:19;1;1;0;4;100
1;2;0:0;28:19;1;1;0;4;100
1;2;0:0;29:19;1;1;0;4;100
1;2;0:0;30:19;1;1;0;4;100
0;1;1:8;1:18;1;1;0;4
0;1;1:9;1:19;1;1;0;4
0;1;4:8;5:18;1;1;0;4
0;1;4:10;5:19;1;1;0;4
0;1;4:8;13:18;1;1;0;4
0;1;4:10;13:19;1;1;0;4
0;1;3:11;4:17.5;1;1;3,1,0,1;4
0;1;3:11;6:17.5;1;1;3,2,0,1;4
0;1;3:11;9:17.5;1;1;3,3,0,1;4
0;1;0:1;39:0;1;1;0;4
0;1;0:1;39:1;1;1;0;4
0;1;0:1;39:2;1;1;0;4
0;1;0:1;39:3;1;1;0;4
0;1;0:1;39:4;1;1;0;4
0;1;0:1;39:5;1;1;0;4
0;1;0:1;39:6;1;1;0;4
0;1;0:1;39:7;1;1;0;4
0;1;0:1;39:8;1;1;0;4
0;1;0:1;39:9;1;1;0;4
0;1;0:1;39:10;1;1;0;4
0;1;0:1;39:11;1;1;0;4
0;1;0:1;39:12;1;1;0;4
0;1;0:1;39:13;1;1;0;4
0;1;0:1;39:14;1;1;0;4
0;1;0:1;39:15;1;1;0;4
0;1;0:1;39:16;1;1;0;4
0;1;0:1;39:17;1;1;0;4
0;1;1:1;39:18;1;1;0;4
0;1;1:1;39:19;1;1;0;4
0;1;0:8;30:18;1;1;0;4
0;1;0:9;30:19;1;1;0;4
0;1;1:0;38:18;1;1;0;4
0;1;1:0;37:18;1;1;0;4
0;1;1:0;36:18;1;1;0;4
0;1;1:0;35:18;1;1;0;4
0;1;1:0;34:18;1;1;0;4
0;1;1:0;33:18;1;1;0;4
0;1;1:0;32:18;1;1;0;4
0;1;1:0;31:18;1;1;0;4
0;1;1:1;38:19;1;1;0;4
0;1;1:1;37:19;1;1;0;4
0;1;1:1;36:19;1;1;0;4
0;1;1:1;35:19;1;1;0;4
0;1;1:1;34:19;1;1;0;4
0;1;1:1;33:19;1;1;0;4
0;1;1:1;32:19;1;1;0;4
0;1;1:1;31:19;1;1;0;4
0;1;0:11;17:18;1;1;0;4
0;1;1:11;18:18;1;1;0;4
0;1;1:11;19:18;1;1;0;4
0;1;3:10;20:18;1;1;0;4
0;1;3:10;21:18;1;1;0;4
0;1;3:10;22:18;1;1;0;4
0;1;3:10;23:18;1;1;0;4
0;1;1:10;24:18;1;1;0;4
0;1;8:12;30.5:17;1;1;0;4
2;1;0:0;32:17;1;1;0;4;1
2;1;0:0;33:17;1;1;0;4;1
2;1;0:0;34:17;1;1;0;4;1
2;1;0:0;35:17;1;1;0;4;1
2;1;0:0;36:17;1;1;0;4;1
2;1;0:0;37:17;1;1;0;4;1
2;1;0:0;38:17;1;1;0;4;1
2;1;0:0;38:16;1;1;0;4;1
2;1;0:0;38:15;1;1;0;4;1
2;1;0:0;37:15;1;1;0;4;1
2;1;0:0;36:15;1;1;0;4;1
2;1;0:0;35:15;1;1;0;4;1
2;1;0:0;34:15;1;1;0;4;1
2;1;0:0;33:15;1;1;0;4;1
2;1;0:0;32:15;1;1;0;4;1
2;1;0:0;32:16;1;1;0;4;1
2;1;0:0;33:16;1;1;0;4;1
2;1;0:0;34:16;1;1;0;4;1
2;1;0:0;35:16;1;1;0;4;1
2;1;0:0;36:16;1;1;0;4;1
2;1;0:0;37:16;1;1;0;4;1
1;10;0:0;32:14;1;1;0;7,1,0,false,1,38.5:14.5;100
0;1;0:1;20:17;1;1;0;4
0;1;0:1;20:16;1;1;0;4
0;1;0:1;20:15;1;1;0;4
0;1;8:9;24:17;1;1;0;4
0;1;8:8;24:16;1;1;0;4
0;1;1:1;23:17;1;1;0;4
0;1;1:1;22:17;1;1;0;4
0;1;1:1;21:17;1;1;0;4
0;1;2:1;23:16;1;1;0;4
0;1;2:1;23:15;1;1;0;4
0;1;2:1;23:14;1;1;0;4
0;1;0:1;20:14;1;1;0;4
0;1;1:0;21:14;1;1;0;4
0;1;1:0;22:14;1;1;0;4
0;1;3:1;23:13;1;1;0;4
0;1;3:1;23:12;1;1;0;4
0;1;1:2;21:11;1;1;0;4
0;1;1:2;22:11;1;1;0;4
0;1;0:1;20:11;1;1;0;4
0;1;0:1;20:10;1;1;0;4
0;1;0:1;20:9;1;1;0;4
0;1;0:1;20:8;1;1;0;4
0;1;2:1;23:11;1;1;0;4
0;1;2:1;23:10;1;1;0;4
0;1;2:1;23:9;1;1;0;4
0;1;2:1;23:8;1;1;0;4
0;1;0:0;20:7;1;1;0;4
0;1;1:0;21:7;1;1;0;4
0;1;1:0;22:7;1;1;0;4
0;1;2:0;24:7;1;1;0;4
0;1;1:0;23:7;1;1;0;4
1;3;0:0;21.5:6;1;1;0;4;100
2;2;0:0;23:6;1;1;0;4;1
0;1;1:1;21:8;1;1;0;4
0;1;1:1;22:8;1;1;0;4
0;1;1:1;22:9;1;1;0;4
0;1;1:1;22:10;1;1;0;4
0;1;1:1;21:10;1;1;0;4
0;1;1:1;21:9;1;1;0;4
0;1;1:1;21:15;1;1;0;4
0;1;1:1;22:15;1;1;0;4
0;1;1:1;22:16;1;1;0;4
0;1;1:1;21:16;1;1;0;4
2;4;0:0;21:12;1;1;0;4;1
2;4;0:0;22:12;1;1;0;4;1
2;4;0:0;22:13;1;1;0;4;1
2;4;0:0;21:13;1;1;0;4;1
1;5;0:0;19:7;1;1;0;7,1,0,false,1,19.5:11.5;100
0;1;2:3;17:12;1;1;0;4
0;1;1:3;16:12;1;1;0;4
0;1;1:3;15:12;1;1;0;4
0;1;1:3;14:12;1;1;0;4
0;1;1:3;13:12;1;1;0;4
0;1;0:3;12:12;1;1;0;4
0;1;4:1;13:9;1;1;0;4
0;1;4:1;16:9;1;1;0;4
0;1;4:2;13:10;1;1;0;4
0;1;4:2;16:10;1;1;0;4
0;1;4:3;13:11;1;1;0;4
0;1;4:3;16:11;1;1;0;4
0;1;1:1;13:8;1;1;0;4
0;1;1:1;16:8;1;1;0;4
0;1;0:2;11:8;1;1;0;4
0;1;2:2;18:8;1;1;0;4
0;1;1:2;14:8;1;1;0;4
0;1;1:2;15:8;1;1;0;4
0;1;0:0;11:7;1;1;0;4
0;1;2:0;18:7;1;1;0;4
0;1;1:0;16:7;1;1;0;4
0;1;1:0;15:7;1;1;0;4
0;1;1:0;14:7;1;1;0;4
0;1;1:0;13:7;1;1;0;4
2;2;0:0;13:6;1;1;0;4;1
2;2;0:0;14:6;1;1;0;4;1
2;2;0:0;15:6;1;1;0;4;1
2;2;0:0;16:6;1;1;0;4;1
0;1;7:12;17:6;1;1;0;4
0;1;3:3;11:11.5;1;1;0;7,1,0,false,2,9:10,10.5:7
0;1;1:2;12:8;1;1;0;4
0;1;1:0;12:7;1;1;0;4
0;1;1:2;17:8;1;1;0;4
0;1;1:0;17:7;1;1;0;4
0;1;3:3;25:13.5;1;1;0;4
0;1;0:3;26:14;1;1;0;4
0;1;1:3;27:14;1;1;0;4
0;1;2:3;28:14;1;1;0;4
1;11;0:0;5:17.2;1;1;0;4;100
3;1;0:0;1:16.5;1.3;1;0
0;1;3:1;20:13;1;1;0;3
0;1;3:1;20:12;1;1;0;3
0;1;0:1;20:14;1;1;0;3