v1.5
0;0;28;18;#000000
0;1;6:12;14:3.5;1;1;8;1
0;1;6:13;14:4.5;1;1;8;1
0;1;6:13;14:5.5;1;1;8;1
0;1;6:13;14:6.5;1;1;8;1
0;1;6:13;14:7.5;1;1;8;1
0;1;6:13;14:8.5;1;1;8;1
0;1;6:14;14:9.5;1;1;8;1
0;1;6:14;8.5:4.5;1;1;8;1
0;1;6:13;8.5:3.5;1;1;8;1
0;1;6:13;8.5:2.5;1;1;8;1
0;1;6:12;8.5:1.5;1;1;8;1
4;1;0:0;3.7:15;1;1;0
0;1;1:3;20:2;1;1;0;4
0;1;1:3;21:2;1;1;0;4
0;1;1:3;22:2;1;1;0;4
0;1;1:3;23:2;1;1;0;4
0;1;1:3;24:2;1;1;0;4
0;1;2:3;25:2;1;1;0;4
0;1;1:3;16:4;1;1;0;4
1;2;0:0;15.5:9.5;1;1;0;4;100
1;2;0:0;16.5:9.5;1;1;0;4;100
1;2;0:0;17.5:9.5;1;1;0;4;100
1;2;0:0;18.5:9.5;1;1;0;4;100
1;2;0:0;19.5:9.5;1;1;0;4;100
1;2;0:0;20.5:9.5;1;1;0;4;100
1;2;0:0;21.5:9.5;1;1;0;4;100
1;10;0:0;6.5:10;1;1;0;4;100
0;1;1:3;3:10;1;1;0;4
0;1;1:3;4:10;1;1;0;4
0;1;1:3;5:10;1;1;0;4
0;1;2:3;6:10;1;1;0;4
1;10;0:0;10.5:10;1;1;0;4;100
0;1;1:3;12:10;1;1;0;4
0;1;1:3;13:10;1;1;0;4
0;1;1:3;7:5.5;1;1;0;7,2,0,false,1,7.5:10
0;1;1:3;8:5.5;1;1;0;7,2,0,false,1,8.5:10
1;2;0:0;0:17;1;1;0;4;100
1;2;0:0;1:17;1;1;0;4;100
1;2;0:0;2:17;1;1;0;4;100
1;2;0:0;3:17;1;1;0;4;100
1;2;0:0;4:17;1;1;0;4;100
1;2;0:0;5:17;1;1;0;4;100
1;2;0:0;6:17;1;1;0;4;100
1;2;0:0;7:17;1;1;0;4;100
1;2;0:0;8:17;1;1;0;4;100
1;2;0:0;9:17;1;1;0;4;100
1;2;0:0;10:17;1;1;0;4;100
1;2;0:0;11:17;1;1;0;4;100
1;2;0:0;12:17;1;1;0;4;100
1;2;0:0;13:17;1;1;0;4;100
1;2;0:0;14:17;1;1;0;4;100
1;2;0:0;15:17;1;1;0;4;100
1;2;0:0;16:17;1;1;0;4;100
1;2;0:0;17:17;1;1;0;4;100
1;2;0:0;18:17;1;1;0;4;100
1;2;0:0;19:17;1;1;0;4;100
1;2;0:0;20:17;1;1;0;4;100
1;2;0:0;21:17;1;1;0;4;100
1;2;0:0;22:17;1;1;0;4;100
1;2;0:0;23:17;1;1;0;4;100
1;2;0:0;24:17;1;1;0;4;100
1;2;0:0;25:17;1;1;0;4;100
1;2;0:0;26:17;1;1;0;4;100
1;2;0:0;27:17;1;1;0;4;100
0;1;2:13;0:2;1;1;0;4
0;1;2:13;0:3;1;1;0;4
0;1;2:13;0:4;1;1;0;4
0;1;2:13;0:5;1;1;0;4
0;1;2:13;0:6;1;1;0;4
0;1;2:13;0:7;1;1;0;4
0;1;2:13;0:8;1;1;0;4
0;1;2:13;0:9;1;1;0;4
0;1;2:13;0:10;1;1;0;4
0;1;2:13;0:11;1;1;0;4
0;1;2:13;0:12;1;1;0;4
0;1;2:13;0:13;1;1;0;4
0;1;2:13;0:14;1;1;0;4
0;1;2:13;0:15;1;1;0;4
0;1;2:13;0:16;1;1;0;4
0;1;2:13;0:17;1;1;0;4
0;1;0:13;27:2;1;1;9;4
0;1;0:13;27:3;1;1;9;4
0;1;0:13;27:4;1;1;9;4
0;1;0:13;27:5;1;1;9;4
0;1;0:13;27:6;1;1;9;4
0;1;0:13;27:7;1;1;9;4
0;1;0:13;27:8;1;1;9;4
0;1;0:13;27:9;1;1;9;4
0;1;0:13;27:10;1;1;0;4
0;1;0:13;27:11;1;1;0;4
0;1;0:13;27:12;1;1;0;4
0;1;0:13;27:13;1;1;0;4
0;1;0:13;27:14;1;1;0;4
0;1;0:13;27:15;1;1;0;4
0;1;0:13;27:16;1;1;0;4
0;1;0:13;27:17;1;1;0;4
0;1;2:4;2:6;1;1;0;4
0;1;0:3;1:6;1;1;0;4
1;11;0:0;3:9.16;1;1;0;4;100
0;1;0:3;11:10;1;1;0;4
2;4;0:0;2.5:5;1;1;0;4;1
2;4;0:0;7:4.5;1;1;0;4;1
2;4;0:0;8:4.5;1;1;0;4;1
0;1;7:2;6:5;1;1;0;7,2,0,false,1,6.5:9.5
0;1;7:3;6:6;1;1;0;7,2,0,false,1,6.5:10.5
0;1;8:2;11:5;1;1;0;7,2,0,false,1,11.5:9.5
0;1;8:3;11:6;1;1;0;7,2,0,false,1,11.5:10.5
0;1;0:3;1:10;1;1;0;4
0;1;1:6;2:10;1;1;0;4
2;2;0:0;1:9;1;1;0;4;1
2;2;0:0;1:8;1;1;0;4;1
2;2;0:0;1:7;1;1;0;4;1
0;1;1:3;9:5.5;1;1;0;7,2,0,false,1,9.5:10
0;1;1:3;10:5.5;1;1;0;7,2,0,false,1,10.5:10
2;4;0:0;9:4.5;1;1;0;4;1
2;4;0:0;10:4.5;1;1;0;4;1
0;1;3:2;2:11;1;1;0;4
0;1;1:3;14:10;1;1;0;4
0;1;3:1;15:9;1;1;0;4
0;1;3:1;15:8;1;1;0;4
0;1;3:1;15:7;1;1;0;4
0;1;3:1;15:6;1;1;0;4
0;1;3:1;15:5;1;1;0;4
0;1;0:4;15:4;1;1;0;4
0;1;0:11;2.2:16;1;1;0;4
0;1;1:11;3.2:16;1;1;0;4
0;1;2:11;4.2:16;1;1;0;4
0;1;8:6;17:4;1;1;0;4
0;1;8:7;17:5;1;1;0;4
0;1;8:6;18:5;1;1;0;7,3,0,false,1,20.5:7.5
0;1;8:7;18:6;1;1;0;7,3,0,false,1,20.5:8.5
0;1;8:6;21:8;1;1;0;4
0;1;8:7;21:9;1;1;0;4
0;1;8:6;22:9;1;1;0;4
0;1;1:6;15:10;1;1;0;4
0;1;1:0;16:10;1;1;0;4
0;1;1:0;17:10;1;1;0;4
0;1;1:0;18:10;1;1;0;4
0;1;1:0;19:10;1;1;0;4
0;1;1:0;20:10;1;1;0;4
0;1;1:0;21:10;1;1;0;4
0;1;1:0;22:10;1;1;0;4
0;1;8:7;22:10;1;1;0;4
0;1;3:2;15:11;1;1;0;4
0;1;2:3;23:10;1;1;0;4
2;4;0:0;5:9;1;1;0;4;1
2;4;0:0;12:9;1;1;0;4;1
2;4;0:0;16:3;1;1;0;4;1
2;4;0:0;15:3;1;1;0;4;1
0;1;0:3;25:10;1;1;0;4
0;1;2:3;26:10;1;1;0;4
0;1;2:11;26:16;1;1;0;4
0;1;1:11;25:16;1;1;0;4
0;1;1:11;24:16;1;1;0;4
0;1;1:11;23:16;1;1;0;4
0;1;0:11;22:16;1;1;0;4
0;1;2:11;16:16;1;1;0;4
0;1;1:11;15:16;1;1;0;4
0;1;0:11;14:16;1;1;3,0,0,0;4
2;4;0:0;16:15;1;1;0;4;1
2;4;0:0;15:15;1;1;0;4;1
2;4;0:0;14:15;1;1;0;4;1
0;1;3:11;19:16;1;1;0;4
0;1;3:11;10.5:16;1;1;3,1,0,500;4
0;1;3:11;7.2:16;1;1;3,2,0,500;4
1;5;0:0;13:16;1;1;0;8,90,0,false,180,11:16.5;100
1;5;0:0;9.5:16;1;1;0;8,90,0,false,180,7.72:16.5;100
1;5;0:0;17:16;1;1;0;8,90,0,false,-180,19.5:16.5;100
0;1;3:1;2:9;1;1;0;4
0;1;2:13;0:1;1;1;0;4
0;1;2:13;0:0;1;1;0;4
0;1;0:13;27:1;1;1;9;4
0;1;0:13;27:0;1;1;9;4
0;1;2:3;7.5:2;1;1;0;4
0;1;1:3;6.5:2;1;1;0;4
0;1;1:3;10.5:2;1;1;0;4
0;1;2:3;11.5:2;1;1;0;4
0;1;0:3;9.5:2;1;1;0;4
0;1;0:3;5.5:2;1;1;0;4
2;2;0:0;5.5:1;1;1;0;4;1
2;2;0:0;6.5:1;1;1;0;4;1
2;2;0:0;7.5:1;1;1;0;4;1
2;2;0:0;8.5:1;1;1;0;4;1
2;2;0:0;9.5:1;1;1;0;4;1
2;2;0:0;10.5:1;1;1;0;4;1
2;2;0:0;11.5:1;1;1;0;4;1
2;2;0:0;18:0;1;1;0;4;1
2;2;0:0;18:1;1;1;0;4;1
2;2;0:0;18:2;1;1;0;4;1
0;1;0:1;19:0;1;1;0;4
0;1;0:1;19:1;1;1;0;4
0;1;0:2;19:2;1;1;0;4
2;1;0:0;20:1;1;1;0;4;1
2;1;0:0;21:1;1;1;0;4;1
2;1;0:0;22:1;1;1;0;4;1
2;1;0:0;23:1;1;1;0;4;1
2;1;0:0;24:1;1;1;0;4;1
2;1;0:0;25:1;1;1;0;4;1
2;1;0:0;25:0;1;1;0;4;1
2;1;0:0;24:0;1;1;0;4;1
2;1;0:0;23:0;1;1;0;4;1
2;1;0:0;22:0;1;1;0;4;1
2;1;0:0;21:0;1;1;0;4;1
2;1;0:0;20:0;1;1;0;4;1
3;1;0:0;23.5:14.5;1.3;1;0
0;1;7:13;25.5:9.2;1;1;0;3
0;2;0:0;1.7:12.66;3.5;1;5,0,FF0000,1:0,5;3
0;1;3:1;2:8;1;1;0;3
0;1;3:1;2:7;1;1;0;3