v1.5
0;0;38;16;#000000
0;1;8:13;13:9;1;1;0;1
0;2;2:0;9:11;4;1;5,0,001100,-1:0,5;1
0;1;3:8;36:14.25;1;1;12;1
0;1;3:8;19:9.25;1;1;12;1
0;1;3:8;2.3:5.25;1;1;12;1
0;1;3:8;19:1.7;1;1;12;1
4;1;0:0;20:13.7;1.5;1;0
0;1;2:4;23:10;1;1;0;4
0;1;1:3;24:15;1;10;0;4
0;1;3:1;28:14;1;10;0;4
0;1;3:1;23:14;1;10;0;4
0;1;3:1;23:13;1;10;0;4
0;1;3:1;28:13;1;10;0;4
0;1;3:0;28:10;1;10;9;4
0;1;3:3;23.5:9.7;1;10;3,2,0,1;4
0;1;3:3;24:9.6;1;10;3,2,0,1;4
0;1;3:3;27.5:9.7;1;10;3,2,0,1;4
0;1;3:3;27:9.6;1;10;3,2,0,1;4
0;1;3:1;23:12;1;1;9;4
0;1;3:1;28:12;1;1;0;4
0;1;3:1;23:11;1;1;0;4
0;1;3:1;28:11;1;1;0;4
0;1;1:3;22:10;1;1;0;4
0;1;1:3;21:10;1;1;12;4
0;1;1:3;20:10;1;1;0;4
0;1;1:3;19:10;1;1;0;4
0;1;4:3;20:9.2;1;1;0;4
0;1;4:2;20:8.2;1;1;9;4
0;1;4:2;20:7.2;1;1;9;4
0;1;4:2;20:6.2;1;1;9;4
0;1;4:2;20:5.2;1;1;9;4
0;1;4:2;20:4.2;1;1;0;4
0;1;4:0;20:3.2;1;1;0;4
0;1;3:3;21.5:4.2;1;1;3,8,0,0;4
0;1;1:5;28:15;1;1;0;4
0;1;1:3;29:15;1;1;0;4
0;1;1:3;30:15;1;1;0;4
0;1;1:3;31:15;1;1;0;4
0;1;1:3;32:15;1;1;0;4
0;1;1:3;33:15;1;1;0;4
0;1;1:3;34:15;1;1;0;4
0;1;1:3;35:15;1;1;0;4
0;1;1:3;36:15;1;1;0;4
1;11;0:0;29:14.2;1;1;0;4;100
1;11;0:0;29.84:14.2;1;1;0;4;100
1;11;0:0;30.68:14.2;1;1;0;4;100
1;11;0:0;31.52:14.2;1;1;0;4;100
0;1;2:5;37:15;1;1;0;4
0;1;3:1;37:14;1;1;0;4
0;1;3:1;37:13;1;1;0;4
0;1;3:1;37:12;1;1;0;4
0;1;3:1;37:11;1;1;0;4
0;1;3:1;37:10;1;1;0;4
0;1;3:1;37:9;1;1;0;4
0;1;3:1;37:8;1;1;0;4
0;1;3:1;37:7;1;1;0;4
0;1;3:1;37:6;1;1;0;4
0;1;3:1;37:5;1;1;0;4
0;1;3:1;37:4;1;1;0;4
0;1;3:1;37:3;1;1;0;4
0;1;3:1;37:2;1;1;0;4
0;1;3:1;37:1;1;1;0;4
0;1;2:4;37:0;1;1;0;4
0;1;1:3;36:0;1;1;0;4
0;1;1:3;35:0;1;1;0;4
0;1;1:3;34:0;1;1;0;4
0;1;1:3;33:0;1;1;0;4
0;1;1:3;32:0;1;1;0;4
0;1;1:3;31:0;1;1;0;4
0;1;1:3;30:0;1;1;0;4
0;1;1:3;29:0;1;1;0;4
0;1;1:3;28:0;1;1;0;4
0;1;1:3;27:0;1;1;0;4
0;1;1:3;24:0;1;1;0;4
0;1;1:3;23:0;1;1;0;4
0;1;1:3;22:0;1;1;0;4
0;1;1:3;21:0;1;1;0;4
0;1;1:3;20:0;1;1;0;4
0;1;1:3;19:0;1;1;0;4
0;1;1:3;7:0;1;1;0;4
0;1;1:3;6:0;1;1;0;4
0;1;1:3;5:0;1;1;0;4
0;1;1:3;4:0;1;1;0;4
0;1;1:3;2:0;1;1;0;4
0;1;1:3;1:0;1;1;0;4
0;1;0:4;0:0;1;1;0;4
0;1;3:1;0:1;1;1;0;4
0;1;3:1;0:2;1;1;0;4
0;1;3:1;0:3;1;1;0;4
0;1;3:1;0:4;1;1;0;4
0;1;3:1;0:5;1;1;0;4
0;1;3:1;0:6;1;1;0;4
0;1;3:1;0:7;1;1;0;4
0;1;3:1;0:8;1;1;0;4
0;1;3:1;0:9;1;1;0;4
0;1;3:1;0:10;1;1;0;4
0;1;3:1;0:11;1;1;0;4
0;1;3:1;0:12;1;1;0;4
0;1;3:1;0:13;1;1;0;4
0;1;3:1;0:14;1;1;0;4
0;1;0:5;0:15;1;1;0;4
0;1;1:3;1:15;1;1;0;4
0;1;1:3;2:15;1;1;0;4
0;1;1:3;4:15;1;1;0;4
0;1;1:3;5:15;1;1;0;4
0;1;1:3;6:15;1;1;0;4
0;1;1:3;7:15;1;1;0;4
0;1;1:3;19:15;1;1;0;4
0;1;1:3;20:15;1;1;0;4
0;1;1:3;21:15;1;1;0;4
0;1;1:3;22:15;1;1;0;4
0;1;1:5;23:15;1;1;0;4
2;2;0:0;35:14;1;1;0;4;1
2;2;0:0;34:13;1;1;0;4;1
2;2;0:0;35:13;1;1;0;4;1
2;2;0:0;36:13;1;1;0;4;1
2;2;0:0;35:12;1;1;0;4;1
0;1;3:1;37:11;1;1;3,4,0,1;4
2;1;0:0;21.75:13.75;1.5;1;0;4;1
0;1;3:3;34:12.5;1;1;3,5,0,0;4
0;1;3:3;32:11.5;1;1;3,6,0,1;4
0;1;3:3;30:10.5;1;1;3,7,0,1;4
0;1;3:3;34:8.5;1;1;3,9,0,1;4
0;1;3:3;32:9.5;1;1;3,8,0,1;4
0;1;3:3;36:7.5;1;1;3,10,0,1;4
0;1;3:3;34:6.5;1;1;3,11,0,1;4
0;1;3:3;32:5.5;1;1;3,12,0,1;4
0;1;3:3;30:4.5;1;1;3,13,0,1;4
2;2;0:0;32:9;1;1;0;4;1
2;2;0:0;34:8;1;1;0;4;1
2;2;0:0;36:7;1;1;0;4;1
2;2;0:0;34:6;1;1;0;4;1
2;2;0:0;32:5;1;1;0;4;1
2;1;0:0;30:4;1;1;0;4;1
0;1;6:6;11:9;1;1;0;4
0;1;6:7;11:10;1;1;0;4
0;1;5:6;10:9;1;1;0;4
0;1;5:6;9:8.5;1;1;0;4
0;1;5:6;8:8;1;1;0;4
0;1;5:7;10:10;1;1;0;4
0;1;5:7;9:9.5;1;1;0;4
0;1;5:7;8:9;1;1;0;4
0;1;1:3;12:0;1;1;0;4
0;1;1:3;10:0;1;1;0;4
0;1;1:3;8:0;1;1;0;4
0;1;1:3;9:0;1;1;0;4
0;1;1:3;11:15;1;1;0;4
0;1;1:3;10:15;1;1;0;4
0;1;1:3;9:15;1;1;0;4
0;1;1:3;8:15;1;1;0;4
0;1;5:6;7:7.5;1;1;0;4
0;1;5:6;6:7;1;1;0;4
0;1;5:7;7:8.5;1;1;0;4
0;1;5:7;6:8;1;1;0;4
0;1;5:6;4:6;1;1;0;4
0;1;5:7;4:7;1;1;0;4
0;1;5:6;5:6.5;1;1;0;4
0;1;5:7;5:7.5;1;1;0;4
0;1;0:3;2:6;1;1;0;4
1;9;0:0;4.5:11;1;1;0;7,2,0,false,1,5:14.5;100
1;9;0:0;5.5:14;1;1;0;7,2,0,false,1,6:11.5;100
1;9;0:0;6.5:11;1;1;0;7,2,0,false,1,7:14.5;100
1;9;0:0;7.5:14;1;1;0;7,2,0,false,1,8:11.5;100
0;1;1:3;18:10;1;1;0;4
0;1;1:3;17:10;1;1;0;4
0;1;1:3;16:10;1;1;0;4
0;1;1:3;15:10;1;1;0;4
0;1;1:3;14:10;1;1;0;4
0;1;1:3;13:10;1;1;0;4
0;1;1:3;12:10;1;1;0;4
0;1;1:3;18:0;1;1;0;4
0;1;1:3;17:0;1;1;0;4
0;1;1:3;16:0;1;1;0;4
0;1;1:3;15:0;1;1;0;4
0;1;1:3;14:0;1;1;0;4
0;1;1:3;13:0;1;1;0;4
0;1;1:3;18:15;1;1;0;4
0;1;1:3;17:15;1;1;0;4
0;1;1:3;16:15;1;1;0;4
0;1;1:3;15:15;1;1;0;4
0;1;1:3;14:15;1;1;0;4
0;1;1:3;13:15;1;1;0;4
0;1;1:3;12:15;1;1;0;4
1;9;0:0;8.5:11;1;1;0;7,2,0,false,1,9:14.5;100
0;1;3:2;12:7;1;1;0;4
0;1;3:1;12:6;1;1;0;4
0;1;3:1;12:5;1;1;0;4
0;1;3:1;12:4;1;1;0;4
0;1;3:1;12:3;1;1;0;4
0;1;3:1;11:1;1;1;0;4
0;1;1:4;11:0;1;1;0;4
0;1;2:4;12:2;1;1;0;4
0;1;0:5;11:2;1;1;0;4
0;1;1:3;18:2.5;1;1;0;4
0;1;1:3;17:2.5;1;1;0;4
0;1;1:3;16:2.5;1;1;0;4
0;1;1:3;15:2.5;1;1;0;4
0;1;2:3;19:2.5;1;1;0;4
0;1;0:3;14:2.5;1;1;0;4
0;1;1:3;17:5.5;1;1;0;4
0;1;1:3;16:5.5;1;1;0;4
0;1;1:3;15:5.5;1;1;0;4
0;1;2:3;18:5.5;1;1;0;4
0;1;0:3;13:5.5;1;1;0;4
0;1;1:3;17:8.5;1;1;0;4
0;1;1:3;16:8.5;1;1;0;4
0;1;1:3;15:8.5;1;1;0;4
0;1;2:3;18:8.5;1;1;0;4
0;1;0:3;14:8.5;1;1;0;4
0;1;1:3;14:5.5;1;1;0;4
1;9;0:0;12:1;1;1;0;7,4,0,false,1,19.5:1.5;100
1;9;0:0;14:3.5;1;1;0;7,2,0,false,4,14.5:5,20:5,20:4,14.5:4;100
1;9;0:0;1:3.5;1;1;0;7,2,0,false,1,1.5:8.5;100
1;9;0:0;14.26:6.5;0.5;1;0;7,2,1400,false,1,14.5:8.5;100
1;9;0:0;14.76:6.5;0.5;1;0;7,2,1200,false,1,15:8.5;100
1;9;0:0;15.26:6.5;0.5;1;0;7,2,1000,false,1,15.5:8.5;100
1;9;0:0;15.76:6.5;0.5;1;0;7,2,800,false,1,16:8.5;100
1;9;0:0;16.26:6.5;0.5;1;0;7,2,600,false,1,16.5:8.5;100
1;9;0:0;16.76:6.5;0.5;1;0;7,2,400,false,1,17:8.5;100
1;9;0:0;17.26:6.5;0.5;1;0;7,2,200,false,1,17.5:8.5;100
1;9;0:0;17.76:6.5;0.5;1;0;7,2,0,false,1,18:8.5;100
1;9;0:0;13.76:6.5;0.5;1;0;7,2,1600,false,1,14:8.5;100
1;11;0:0;12.1:14.2;1;1;0;4;100
1;11;0:0;13.2:14.2;1;1;0;4;100
1;11;0:0;14.3:14.2;1;1;0;4;100
1;11;0:0;15.4:14.2;1;1;0;4;100
1;11;0:0;11:14.2;1;1;0;4;100
1;11;0:0;16.5:14.2;1;1;0;4;100
1;4;0:0;1:14.105;1;1;0;4;100
0;1;3:1;28:10.5;1;1;9;4
1;12;0:0;6.25:4.25;0.5;1;0;8,90,0,false,-360,7.5:4.5;100
1;12;0:0;5.5:4;1;1;0;8,90,0,false,-360,7.5:4.5;100
1;12;0:0;4.25:3.75;1.5;1;0;8,90,0,false,-360,7.5:4.5;100
1;12;0:0;7.25:3.25;0.5;1;0;8,90,0,false,-360,7.5:4.5;100
1;12;0:0;7:2.5;1;1;0;8,90,0,false,-360,7.5:4.5;100
1;12;0:0;6.75:1.25;1.5;1;0;8,90,0,false,-360,7.5:4.5;100
1;12;0:0;8.25:4.25;0.5;1;0;8,90,0,false,-360,7.5:4.5;100
1;12;0:0;8.5:4;1;1;0;8,90,0,false,-360,7.5:4.5;100
1;12;0:0;9.25:3.75;1.5;1;0;8,90,0,false,-360,7.5:4.5;100
1;12;0:0;7.25:5.25;0.5;1;0;8,90,0,false,-360,7.5:4.5;100
1;12;0:0;6.75:6.25;1.5;1;0;8,90,0,false,-360,7.5:4.5;100
1;12;0:0;7:5.5;1;1;0;8,90,0,false,-360,7.5:4.5;100
0;1;3:3;24.5:9.5;1;1;3,2,0,1;4
0;1;3:3;25:9.5;1;1;3,2,0,1;4
0;1;3:3;26.5:9.5;1;1;3,2,0,1;4
0;1;3:3;26:9.5;1;1;3,2,0,1;4
0;1;3:3;25.5:9.5;1;1;3,2,0,1;4
0;1;1:3;26:15;1;10;0;4
0;1;1:3;27:15;1;10;0;4
0;1;1:3;25:15;1;10;0;4
0;1;1:3;25.5:15;1;10;3,0,0,0;4
0;1;1:3;26:0;1;1;0;4
0;1;1:3;25:0;1;1;0;4
0;1;3:3;25.5:12;1;1;3,3,0,0;4
0;1;1:3;3:0;1;1;0;4
0;1;1:3;3:6;1;1;0;4
0;1;1:3;3:15;1;1;0;4
3;1;0:0;21:7.5;1.3;1;0