v1.5
0;0;28;15;#000000
1;1;0:0;27:14;1;1;0;4;100
1;1;0:0;0:14;1;1;0;4;100
1;2;0:0;0:13;1;1;0;4;100
1;2;0:0;27:13;1;1;0;4;100
0;1;0:0;2:9.5;1;1;0;4
0;1;2:0;3:9.5;1;1;0;4
0;1;0:2;2:10.5;1;1;0;4
0;1;2:2;3:10.5;1;1;0;4
0;1;3:0;0:0;1;1;0;4
0;1;3:1;0:1;1;1;9;4
0;1;3:1;0:2;1;1;9;4
0;1;3:1;0:3;1;1;9;4
0;1;3:1;0:4;1;1;9;4
0;1;3:1;0:5;1;1;9;4
0;1;3:1;0:6;1;1;9;4
0;1;3:1;0:7;1;1;9;4
0;1;3:1;0:8;1;1;0;4
0;1;3:1;0:9;1;1;0;4
0;1;3:1;0:10;1;1;0;4
0;1;3:1;0:11;1;1;0;4
0;1;3:1;0:12;1;1;0;4
0;1;3:1;0:13;1;1;0;4
0;1;3:2;0:14;1;1;0;4
0;1;3:0;27:0;1;1;0;4
0;1;3:1;27:1;1;1;0;4
0;1;3:1;27:2;1;1;0;4
0;1;3:1;27:3;1;1;0;4
0;1;3:1;27:4;1;1;0;4
0;1;3:1;27:5;1;1;0;4
0;1;3:1;27:6;1;1;0;4
0;1;3:1;27:7;1;1;0;4
0;1;3:1;27:8;1;1;0;4
0;1;3:1;27:9;1;1;0;4
0;1;3:1;27:10;1;1;0;4
0;1;3:1;27:11;1;1;0;4
0;1;3:1;27:12;1;1;0;4
0;1;3:1;27:13;1;1;0;4
0;1;3:2;27:14;1;1;0;4
1;2;0:0;1:13;1;1;0;4;100
1;2;0:0;2:13;1;1;0;4;100
1;2;0:0;3:13;1;1;0;4;100
1;2;0:0;4:13;1;1;0;4;100
1;2;0:0;5:13;1;1;0;4;100
1;2;0:0;6:13;1;1;0;4;100
1;2;0:0;7:13;1;1;0;4;100
1;2;0:0;8:13;1;1;0;4;100
1;2;0:0;9:13;1;1;0;4;100
1;2;0:0;10:13;1;1;0;4;100
1;2;0:0;11:13;1;1;0;4;100
1;2;0:0;12:13;1;1;0;4;100
1;2;0:0;13:13;1;1;0;4;100
1;2;0:0;14:13;1;1;0;4;100
1;2;0:0;15:13;1;1;0;4;100
1;2;0:0;16:13;1;1;0;4;100
1;2;0:0;17:13;1;1;0;4;100
1;2;0:0;18:13;1;1;0;4;100
1;2;0:0;19:13;1;1;0;4;100
1;2;0:0;20:13;1;1;0;4;100
1;2;0:0;21:13;1;1;0;4;100
1;2;0:0;22:13;1;1;0;4;100
1;2;0:0;23:13;1;1;0;4;100
1;2;0:0;24:13;1;1;0;4;100
1;2;0:0;25:13;1;1;0;4;100
1;2;0:0;26:13;1;1;0;4;100
1;1;0:0;1:14;1;1;0;4;100
1;1;0:0;2:14;1;1;0;4;100
1;1;0:0;3:14;1;1;0;4;100
1;1;0:0;4:14;1;1;0;4;100
1;1;0:0;5:14;1;1;0;4;100
1;1;0:0;6:14;1;1;0;4;100
1;1;0:0;7:14;1;1;0;4;100
1;1;0:0;8:14;1;1;0;4;100
1;1;0:0;9:14;1;1;0;4;100
1;1;0:0;10:14;1;1;0;4;100
1;1;0:0;11:14;1;1;0;4;100
1;1;0:0;12:14;1;1;0;4;100
1;1;0:0;13:14;1;1;0;4;100
1;1;0:0;14:14;1;1;0;4;100
1;1;0:0;15:14;1;1;0;4;100
1;1;0:0;16:14;1;1;0;4;100
1;1;0:0;17:14;1;1;0;4;100
1;1;0:0;18:14;1;1;0;4;100
1;1;0:0;19:14;1;1;0;4;100
1;1;0:0;20:14;1;1;0;4;100
1;1;0:0;21:14;1;1;0;4;100
1;1;0:0;22:14;1;1;0;4;100
1;1;0:0;23:14;1;1;0;4;100
1;1;0:0;24:14;1;1;0;4;100
1;1;0:0;25:14;1;1;0;4;100
1;1;0:0;26:14;1;1;0;4;100
0;1;0:0;18:2;1;1;3,0,0,-200;4
0;1;2:0;19:2;1;1;3,0,0,-200;4
0;1;0:2;18:3;1;1;3,0,0,-200;4
0;1;2:2;19:3;1;1;3,0,0,-200;4
0;1;2:0;23:8;1;1;3,4,0,0;4
0;1;0:2;22:9;1;1;3,4,0,0;4
0;1;2:2;23:9;1;1;3,4,0,0;4
0;1;0:3;25:1.5;1;1;0;4
0;1;2:3;26:1.5;1;1;0;4
2;1;0:0;0.75:-0.25;1.5;1;0;4;1
0;1;0:0;14:9.5;1;1;0;7,3,0,false,1,14.5:2
0;1;2:0;15:9.5;1;1;0;7,3,0,false,1,15.5:2
0;1;0:2;14:10.5;1;1;0;7,3,0,false,1,14.5:3
0;1;2:2;15:10.5;1;1;0;7,3,0,false,1,15.5:3
0;1;3:3;24:6;1;1;3,5,0,1;4
0;1;3:3;25:5;1;1;3,6,0,1;4
0;1;3:3;24:4;1;1;3,7,0,1;4
0;1;3:3;35:3;1;1;3,7,0,1;4
2;2;0:0;24:5;1;1;0;4;1
2;2;0:0;25:4;1;1;0;4;1
2;2;0:0;24:3;1;1;0;4;1
2;2;0:0;23:2;1;1;0;4;1
2;2;0:0;24:1;1;1;0;4;1
0;1;0:0;18:4.5;1;1;3,1,0,-200;4
0;1;2:0;19:4.5;1;1;3,1,0,-200;4
0;1;0:2;18:5.5;1;1;3,1,0,-200;4
0;1;2:2;19:5.5;1;1;3,1,0,-200;4
0;1;0:0;18:7;1;1;3,2,0,-200;4
0;1;2:0;19:7;1;1;3,2,0,-200;4
0;1;0:2;18:8;1;1;3,2,0,-200;4
0;1;2:2;19:8;1;1;3,2,0,-200;4
0;1;0:0;18:9.5;1;1;3,3,0,-200;4
0;1;2:0;19:9.5;1;1;3,3,0,-200;4
0;1;0:2;18:10.5;1;1;3,3,0,-200;4
0;1;2:2;19:10.5;1;1;3,3,0,-200;4
0;1;0:0;6:9.5;1;1;0;7,3,1500,false,2,9:9,6:8
0;1;0:2;6:10.5;1;1;0;7,3,1500,false,2,9:10,6:9
0;1;2:0;7:9.5;1;1;0;7,3,1500,false,2,10:9,7:8
0;1;2:2;7:10.5;1;1;0;7,3,1500,false,2,10:10,7:9
0;1;3:0;10:9.5;1;1;0;7,3,0,false,1,9:10
0;1;3:0;11:9.5;1;1;0;7,3,0,false,1,13:10
0;1;3:2;10:10.5;1;1;0;7,3,0,false,1,9:11
0;1;3:2;11:10.5;1;1;0;7,3,0,false,1,13:11
0;1;3:3;23:3;1;1;3,8,0,1;4
2;1;0:0;26.3:0.5;1;1;0;4;1
0;1;7:14;0.4:2;1;1;0;4
0;1;7:14;0.4:4;1;1;0;4
0;1;7:14;0.4:6;1;1;0;4
4;1;0:0;25.5:0.7;1;1;0
0;1;0:0;22:8;1;1;3,4,0,0;4
3;1;0:0;2.5:8;1.3;1;0
0;1;7:14;0.4:1;1;1;0;3
0;1;7:14;0.4:3;1;1;0;3
0;1;7:14;0.4:5;1;1;0;3
0;1;7:14;0.4:7;1;1;0;3