v1.5
0;0;57;38;#000000
0;1;1:3;15:27.5;1;1;0;4
0;1;1:3;16:27.5;1;1;0;4
0;1;1:3;17:27.5;1;1;0;4
0;1;1:3;18:27.5;1;1;0;4
0;1;1:3;19:27.5;1;1;0;4
0;1;1:3;20:27.5;1;1;0;4
0;1;2:5;21:27.5;1;1;9;4
0;1;3:1;21:26.5;1;1;9;4
0;1;3:1;21:25.5;1;1;9;4
0;1;3:1;21:24.5;1;1;9;4
0;1;2:4;21:23.5;1;1;9;4
0;1;1:3;20:23.5;1;1;0;4
0;1;1:3;19:23.5;1;1;0;4
0;1;1:3;18:23.5;1;1;0;4
0;1;0:4;17:23.5;1;1;0;4
0;1;2:5;17:24.5;1;1;0;4
0;1;0:4;16:24.5;1;1;0;4
0;1;3:1;16:25.5;1;1;0;4
0;1;3:2;16:26;1;1;0;4
0;1;1:3;14:27.5;1;1;0;4
0;1;1:3;13:27.5;1;1;0;4
2;3;0:0;19:26.667;1;1;0;4;1
0;1;1:3;12:27.5;1;1;0;4
0;1;1:3;11:27.5;1;1;0;4
0;1;1:3;10:27.5;1;1;0;4
0;1;1:3;9:27.5;1;1;0;4
0;1;1:3;8:27.5;1;1;0;4
0;1;1:3;7:27.5;1;1;0;4
0;1;1:3;6:27.5;1;1;0;4
0;1;1:3;5:27.5;1;1;0;4
0;1;1:3;4:27.5;1;1;0;4
0;1;1:3;3:27.5;1;1;0;4
0;1;1:3;2:27.5;1;1;0;4
0;1;1:3;1:27.5;1;1;0;4
0;1;1:3;1:20;1;1;0;4
0;1;1:3;2:20;1;1;0;4
0;1;1:3;3:20;1;1;0;4
0;1;1:3;4:20;1;1;0;4
0;1;1:3;5:20;1;1;0;4
0;1;1:3;6:20;1;1;0;4
0;1;1:3;7:20;1;1;0;4
0;1;1:3;8:20;1;1;0;4
0;1;1:3;9:20;1;1;0;4
0;1;1:3;10:20;1;1;0;4
0;1;1:3;11:20;1;1;0;4
0;1;1:3;12:20;1;1;0;4
0;1;1:3;13:20;1;1;0;4
0;1;1:3;14:20;1;1;9;4
0;1;1:3;15:20;1;1;9;4
0;1;1:3;16:20;1;1;9;4
0;1;1:3;17:20;1;1;9;4
0;1;1:3;18:20;1;1;9;4
0;1;1:3;19:20;1;1;9;4
0;1;1:3;20:20;1;1;9;4
0;1;1:3;21:20;1;1;9;4
0;1;1:3;22:20;1;1;9;4
0;1;1:3;23:20;1;1;9;4
0;1;1:3;24:20;1;1;9;4
0;1;1:3;25:20;1;1;9;4
0;1;3:1;26:21;1;1;9;4
0;1;3:1;26:22;1;1;9;4
0;1;3:1;26:23;1;1;9;4
0;1;3:1;26:24;1;1;9;4
0;1;3:1;26:25;1;1;9;4
0;1;3:1;26:26;1;1;9;4
0;1;3:1;26:27;1;1;9;4
0;1;3:1;26:28;1;1;9;4
0;1;3:1;26:29;1;1;9;4
0;1;3:1;26:30;1;1;9;4
0;1;3:1;26:31;1;1;9;4
0;1;0:4;25:32;1;1;0;4
0;1;2:5;25:33;1;1;0;4
0;1;0:4;24:33;1;1;0;4
0;1;2:5;24:34;1;1;0;4
0;1;0:4;23:34;1;1;0;4
0;1;2:5;23:35;1;1;0;4
0;1;0:4;22:35;1;1;0;4
0;1;2:5;26:32;1;1;0;4
0;1;0:4;19:32;1;1;0;4
0;1;2:5;19:33;1;1;0;4
0;1;0:4;18:33;1;1;0;4
0;1;2:5;18:34;1;1;0;4
0;1;0:4;17:34;1;1;0;4
0;1;2:5;17:35;1;1;0;4
0;1;0:4;16:35;1;1;0;4
0;1;2:5;20:32;1;1;0;4
0;1;0:4;13:32;1;1;0;4
0;1;2:5;13:33;1;1;0;4
0;1;0:4;12:33;1;1;0;4
0;1;2:5;12:34;1;1;0;4
0;1;0:4;11:34;1;1;0;4
0;1;2:5;11:35;1;1;0;4
0;1;0:4;10:35;1;1;0;4
0;1;2:5;14:32;1;1;0;4
0;1;0:4;7:32;1;1;0;4
0;1;2:5;7:33;1;1;0;4
0;1;0:4;6:33;1;1;0;4
0;1;2:5;6:34;1;1;0;4
0;1;0:4;5:34;1;1;0;4
0;1;2:5;5:35;1;1;0;4
0;1;0:4;4:35;1;1;0;4
0;1;2:5;8:32;1;1;0;4
0;1;0:4;1:32;1;1;0;4
0;1;2:5;1:33;1;1;0;4
0;1;2:5;2:32;1;1;0;4
0;1;3:0;2:31;1;1;0;4
0;1;3:0;8:31;1;1;0;4
0;1;3:0;14:31;1;1;0;4
0;1;3:0;20:31;1;1;0;4
0;1;0:3;35:33.5;1;1;0;4
0;1;1:3;55:33.5;1;1;0;4
0;1;2:3;56:33.5;1;1;0;4
0;1;3:2;38:31.5;1;1;9;4
0;1;3:0;38:30.5;1;1;9;4
0;1;2:4;26:20;1;1;0;4
0;1;3:2;35:28.5;1;1;9;4
0;1;3:0;35:27.5;1;1;9;4
0;1;3:2;38:25.5;1;1;9;4
0;1;3:0;38:24.5;1;1;9;4
0;1;3:2;35:22.5;1;1;9;4
0;1;3:0;35:21.5;1;1;9;4
0;1;3:2;38:19.5;1;1;9;4
0;1;3:0;38:18.5;1;1;9;4
0;1;3:2;35:16.5;1;1;9;4
0;1;3:0;35:15.5;1;1;9;4
0;1;3:2;38:13.5;1;1;9;4
0;1;3:0;38:12.5;1;1;9;4
0;1;3:2;35:10.5;1;1;9;4
0;1;3:0;35:9.5;1;1;9;4
0;1;3:2;38:7.5;1;1;9;4
0;1;3:0;38:6.5;1;1;9;4
1;11;0:0;38:29.7;1;1;0;4;100
1;11;0:0;35:26.7;1;1;0;4;100
1;11;0:0;38:23.7;1;1;0;4;100
1;11;0:0;35:20.7;1;1;0;4;100
1;11;0:0;38:17.7;1;1;0;4;100
1;11;0:0;35:14.7;1;1;0;4;100
1;11;0:0;38:11.7;1;1;0;4;100
1;11;0:0;35:8.7;1;1;0;4;100
1;11;0:0;38:5.7;1;1;0;4;100
0;1;1:3;54:33.5;1;1;0;4
0;1;1:3;53:33.5;1;1;0;4
0;1;1:3;52:33.5;1;1;0;4
0;1;1:3;51:33.5;1;1;0;4
0;1;1:3;50:33.5;1;1;0;4
0;1;1:3;49:33.5;1;1;0;4
0;1;1:3;48:33.5;1;1;0;4
0;1;1:3;47:33.5;1;1;0;4
0;1;1:3;46:33.5;1;1;0;4
0;1;1:3;45:33.5;1;1;0;4
0;1;1:3;44:33.5;1;1;0;4
0;1;1:3;43:33.5;1;1;0;4
0;1;1:3;42:33.5;1;1;0;4
0;1;1:3;41:33.5;1;1;0;4
0;1;1:3;40:33.5;1;1;0;4
0;1;1:3;39:33.5;1;1;0;4
0;1;1:3;38:33.5;1;1;0;4
0;1;1:3;37:33.5;1;1;0;4
0;1;1:3;36:33.5;1;1;0;4
0;1;0:5;-1:20;1;1;0;4
0;1;1:3;0:20;1;1;0;4
0;1;1:3;33.5:6.5;1;1;0;4
0;1;2:3;34.5:6.5;1;1;0;4
0;1;1:3;32.5:6.5;1;1;0;4
2;4;0:0;33.75:5.25;1.5;1;4,0.5;4;1
0;1;0:3;31.5:6.5;1;1;0;4
0;1;0:4;0:33;1;1;0;4
0;1;2:5;0:34;1;1;0;4
0;1;1:3;0:27.5;1;1;0;4
0;1;3:1;22:36;1;1;0;4
0;1;3:1;22:37;1;1;0;4
0;1;3:1;16:36;1;1;0;4
0;1;3:1;16:37;1;1;0;4
0;1;3:1;10:36;1;1;0;4
0;1;3:1;10:37;1;1;0;4
0;1;3:1;4:36;1;1;0;4
0;1;3:1;4:37;1;1;0;4
3;1;0:0;25.5:31;0.5;1;0