v1.5
0;0;49;18;#000000
0;2;2:0;24:11;5;1;5,1,000000,0:0,10;1
1;2;0:0;1:17;1;1;0;4;100
1;2;0:0;2:17;1;1;0;4;100
1;2;0:0;3:17;1;1;0;4;100
1;2;0:0;4:17;1;1;0;4;100
1;2;0:0;5:17;1;1;0;4;100
1;2;0:0;6:17;1;1;0;4;100
1;2;0:0;7:17;1;1;0;4;100
1;2;0:0;8:17;1;1;0;4;100
1;2;0:0;9:17;1;1;0;4;100
1;2;0:0;10:17;1;1;0;4;100
1;2;0:0;11:17;1;1;0;4;100
1;2;0:0;12:17;1;1;0;4;100
1;2;0:0;13:17;1;1;0;4;100
1;2;0:0;14:17;1;1;0;4;100
1;2;0:0;15:17;1;1;0;4;100
1;2;0:0;16:17;1;1;0;4;100
1;2;0:0;17:17;1;1;0;4;100
1;2;0:0;18:17;1;1;0;4;100
1;2;0:0;19:17;1;1;0;4;100
1;2;0:0;20:17;1;1;0;4;100
1;2;0:0;21:17;1;1;0;4;100
1;2;0:0;22:17;1;1;0;4;100
1;2;0:0;23:17;1;1;0;4;100
1;2;0:0;24:17;1;1;0;4;100
1;2;0:0;25:17;1;1;0;4;100
1;2;0:0;26:17;1;1;0;4;100
0;1;0:11;0:16;1;1;0;4
0;1;1:11;1:16;1;1;0;4
0;1;2:11;2:16;1;1;0;4
0;1;2:11;28:16;1;1;0;4
0;1;1:11;27:16;1;1;0;4
0;1;1:11;26:16;1;1;0;4
0;1;1:11;25:16;1;1;0;4
0;1;0:11;24:16;1;1;0;4
0;1;3:11;11.5:16;1;1;2,0,0,2.5;4
0;1;3:11;8.5:16;1;1;2,0,0,2.5;4
0;1;3:11;5.5:16;1;1;2,0,0,2.5;4
1;2;0:0;0:17;1;1;0;4;100
1;2;0:0;27:17;1;1;0;4;100
0;1;3:11;20.5:16;1;1;2,0,0,2.5;4
0;1;3:11;17.5:16;1;1;2,0,0,2.5;4
0;1;3:11;14.5:16;1;1;2,0,0,2.5;4
1;2;0:0;28:17;1;1;0;4;100
1;2;0:0;29:17;1;1;0;4;100
1;2;0:0;30:17;1;1;0;4;100
1;2;0:0;31:17;1;1;0;4;100
1;2;0:0;32:17;1;1;0;4;100
1;2;0:0;33:17;1;1;0;4;100
1;2;0:0;34:17;1;1;0;4;100
1;2;0:0;35:17;1;1;0;4;100
1;2;0:0;36:17;1;1;0;4;100
1;2;0:0;37:17;1;1;0;4;100
1;2;0:0;38:17;1;1;0;4;100
1;2;0:0;39:17;1;1;0;4;100
3;1;0:0;1:14.5;1.3;1;0