v1.4
0;0;20;9;#000000
0;1;0:0;14:0;1;50;0;1
0;1;0:0;1:0;1;10;0;4
0;1;0:0;2:0;0.8;10;0;4
0;1;0:0;4:0;1;50;1,0;4
0;1;0:0;5:0;1;50;2,0,0,1;4
0;1;0:0;6:0;1;50;3,0,0,1;4
0;1;0:0;7:0;2;50;5,00FF00,0.5:0;4
0;1;0:0;9:0;1;50;0;5
0;1;0:0;10:0;1;50;0;6,1,0,false,0
0;1;0:0;11:0;1;10;0;7,1,0,false,2,11.5:1.5,10.5:1.5
0;1;0:0;12:0;1;10;0;8,90,0,false,60,12.5:1.5
4;1;0:0;2:6;1;10;0
1;1;0:0;1:2;1;10;0;4;100
1;1;0:0;2:2;0.8;10;0;4;50
1;1;0:0;4:2;1;50;1,0;4;100
1;1;0:0;5:2;1;50;2,0,0,1;4;100
1;1;0:0;6:2;1;50;5,FF0000,1:0;4;100
1;1;0:0;8:2;1;50;0;5;100
1;1;0:0;9:2;1;50;0;6,1,0,false,0;100
1;1;0:0;10:2;1;10;0;7,1,0,false,2,10.5:3.5,9.5:3.5;100
1;1;0:0;11:2;1;10;0;8,90,0,false,60,11.5:3.5;100
2;1;0:0;1:4;1;10;0;4;1
2;1;0:0;2:4;0.8;10;0;4;50
2;1;0:0;4:4;1;50;2,0,0,1;4;1
2;1;0:0;5:4;1;50;4,2;4;1
2;1;0:0;6:4;1;50;5,FF0000,1:0;4;1
2;1;0:0;8:4;1;50;0;5;1
2;1;0:0;9:4;1;50;0;6,1,0,false,0;1
2;1;0:0;10:4;1;10;0;7,1,0,false,2,10.5:5.5,9.5:5.5;1
2;1;0:0;11:4;1;10;0;8,90,0,false,60,11.5:5.5;1
3;1;0:0;1:6;1;10;0
0;2;2:3;6:6;1;10;0;4
0;2;2:3;6:7;1;10;0;4
0;2;2:3;7:7;1;10;0;4
0;2;2:3;8:7;1;10;0;4
0;2;2:3;9:7;1;10;0;4
0;2;2:3;10:7;1;10;0;4
0;2;2:3;11:7;1;10;0;4
0;2;2:3;12:7;1;10;0;4
0;2;2:3;13:7;1;10;0;4
0;2;2:3;14:7;1;10;0;4
0;2;2:3;14:6;1;10;0;4
0;2;2:1;0:7;1;10;0;4
0;2;2:1;0:8;1;10;0;4
0;2;2:1;1:8;1;10;0;4
0;2;2:1;2:8;1;10;0;4
0;2;2:1;3:8;1;10;0;4
0;2;2:1;4:8;1;10;0;4
0;2;2:1;5:8;1;10;0;4
0;1;0:0;15:0;1;50;0;3
