v1.5
1;0;40;20;#000000
0;5;0:0;19:6.5;1;10;8;1
0;23;0:0;19:16.5;1;10;8;1
0;14;0:0;19:7.5;1;10;8;1
0;14;0:0;19:8.5;1;10;8;1
0;14;0:0;19:9.5;1;10;8;1
0;14;0:0;19:10.5;1;10;8;1
0;14;0:0;19:11.5;1;10;8;1
0;14;0:0;19:12.5;1;10;8;1
0;14;0:0;19:13.5;1;10;8;1
0;14;0:0;19:14.5;1;10;8;1
0;14;0:0;19:15.5;1;10;8;1
0;10;0:0;25:9;5;10;5,0,FF0000,1:0,5;1
0;19;0:0;17:17;1;10;0;1
0;16;0:0;30.5:17;1;10;0;1
0;15;0:0;17:6;1;10;0;1
0;3;0:0;13:9;1;10;0;1
0;3;0:0;16:9;1;10;0;1
0;21;0:0;13:11;1;10;0;1
0;21;0:0;16:11;1;10;0;1
0;12;0:0;13:10;1;10;0;1
0;12;0:0;16:10;1;10;0;1
0;1;1:1;0:0;1;10;0;4
0;1;1:1;0:1;1;10;0;4
0;1;1:1;0:2;1;10;0;4
0;1;1:1;0:3;1;10;0;4
0;1;1:1;0:4;1;10;0;4
0;1;1:1;0:5;1;10;0;4
0;1;1:1;0:6;1;10;0;4
0;1;1:1;0:7;1;10;0;4
0;1;1:1;0:8;1;10;0;4
0;1;1:1;0:9;1;10;0;4
0;1;1:1;0:10;1;10;0;4
0;1;1:1;0:11;1;10;0;4
0;1;1:1;0:12;1;10;0;4
0;1;1:1;0:13;1;10;0;4
0;1;1:1;0:14;1;10;0;4
0;1;1:1;0:15;1;10;0;4
0;1;1:1;0:16;1;10;0;4
0;1;1:1;0:17;1;10;3,0,0,0;4
0;1;0:1;39:0;1;10;0;4
0;1;0:1;39:1;1;10;0;4
0;1;0:1;39:2;1;10;0;4
0;1;0:1;39:3;1;10;0;4
0;1;0:1;39:4;1;10;0;4
0;1;0:1;39:5;1;10;0;4
0;1;0:1;39:6;1;10;0;4
0;1;0:1;39:7;1;10;0;4
0;1;0:1;39:8;1;10;0;4
0;1;0:1;39:9;1;10;0;4
0;1;0:1;39:10;1;10;0;4
0;1;0:1;39:11;1;10;0;4
0;1;0:1;39:12;1;10;0;4
0;1;0:1;39:13;1;10;0;4
0;1;0:1;39:14;1;10;0;4
0;1;0:1;39:15;1;10;0;4
0;1;0:1;39:16;1;10;0;4
0;1;0:1;39:17;1;10;0;4
0;1;1:4;0:18;1;10;0;4
0;2;1:0;1:18;1;10;0;4
0;1;1:4;39:18;1;10;0;4
0;1;0:5;38:18;1;10;0;4
0;1;0:5;37:18;1;10;0;4
0;1;0:5;36:18;1;10;0;4
0;1;0:5;35:18;1;10;0;4
0;1;0:5;34:18;1;10;0;4
0;1;0:5;33:18;1;10;0;4
0;1;0:5;32:18;1;10;0;4
0;1;0:5;31:18;1;10;0;4
0;2;0:0;30:18;1;10;0;4
0;1;0:4;39:19;1;10;0;4
0;1;0:4;38:19;1;10;0;4
0;1;0:4;37:19;1;10;0;4
0;1;0:4;36:19;1;10;0;4
0;1;0:4;35:19;1;10;0;4
0;1;0:4;34:19;1;10;0;4
0;1;0:4;33:19;1;10;0;4
0;1;0:4;32:19;1;10;0;4
0;1;0:4;31:19;1;10;0;4
0;1;0:4;0:19;1;10;0;4
1;2;0:0;1:19;1;10;0;4;100
1;2;0:0;2:19;1;10;0;4;100
1;2;0:0;3:19;1;10;0;4;100
1;2;0:0;4:19;1;10;0;4;100
1;2;0:0;5:19;1;10;0;4;100
1;2;0:0;6:19;1;10;0;4;100
1;2;0:0;7:19;1;10;0;4;100
1;2;0:0;8:19;1;10;0;4;100
1;2;0:0;9:19;1;10;0;4;100
1;2;0:0;10:19;1;10;0;4;100
1;2;0:0;11:19;1;10;0;4;100
1;2;0:0;12:19;1;10;0;4;100
1;2;0:0;13:19;1;10;0;4;100
1;2;0:0;14:19;1;10;0;4;100
1;2;0:0;15:19;1;10;0;4;100
1;2;0:0;16:19;1;10;0;4;100
1;2;0:0;17:19;1;10;0;4;100
1;2;0:0;18:19;1;10;0;4;100
1;2;0:0;19:19;1;10;0;4;100
1;2;0:0;20:19;1;10;0;4;100
1;2;0:0;21:19;1;10;0;4;100
1;2;0:0;22:19;1;10;0;4;100
1;2;0:0;23:19;1;10;0;4;100
1;2;0:0;24:19;1;10;0;4;100
1;2;0:0;25:19;1;10;0;4;100
1;2;0:0;26:19;1;10;0;4;100
1;2;0:0;27:19;1;10;0;4;100
1;2;0:0;28:19;1;10;0;4;100
1;2;0:0;29:19;1;10;0;4;100
1;2;0:0;30:19;1;10;0;4;100
0;2;1:3;1:19;1;10;0;4
0;2;0:3;30:19;1;10;0;4
0;2;6:2;17:18;1;10;0;4
0;2;1:5;18:18;1;10;0;4
0;2;1:5;19:18;1;10;0;4
0;7;0:0;5:18;1;10;0;4
0;7;0:0;13:18;1;10;0;4
0;1;0:1;20:17;1;10;0;4
0;1;0:1;20:16;1;10;0;4
0;1;0:1;20:15;1;10;0;4
0;1;0:1;20:11;1;10;0;4
0;1;0:1;20:10;1;10;0;4
0;1;0:1;20:9;1;10;0;4
0;1;0:1;20:8;1;10;0;4
0;2;2:4;20:18;1;10;0;4
0;1;0:5;21:14;1;10;0;4
0;1;0:5;22:14;1;10;0;4
0;1;2:4;21:11;1;10;0;4
0;1;2:4;22:11;1;10;0;4
0;2;1:2;24:18;1;10;0;4
0;2;7:1;24:17;1;10;0;4
0;2;7:0;24:16;1;10;0;4
0;1;1:4;21:17;1;10;0;4
0;1;1:4;22:17;1;10;0;4
0;1;1:4;23:17;1;10;0;4
0;1;1:4;21:16;1;10;0;4
0;1;1:4;22:16;1;10;0;4
0;1;1:4;21:15;1;10;0;4
0;1;1:4;22:15;1;10;0;4
0;1;1:4;21:8;1;10;0;4
0;1;1:4;21:9;1;10;0;4
0;1;1:4;21:10;1;10;0;4
0;1;1:4;22:8;1;10;0;4
0;1;1:4;22:9;1;10;0;4
0;1;1:4;22:10;1;10;0;4
0;1;1:1;23:16;1;10;9;4
0;1;1:1;23:15;1;10;9;4
0;1;1:1;23:14;1;10;9;4
0;1;1:1;23:11;1;10;9;4
0;1;1:1;23:10;1;10;9;4
0;1;1:1;23:9;1;10;9;4
0;1;1:1;23:8;1;10;9;4
0;1;8:1;23:12;1;10;9;4
0;1;8:1;23:13;1;10;9;4
2;4;0:0;21:13;1;10;0;4;1
2;4;0:0;22:13;1;10;0;4;1
2;4;0:0;22:12;1;10;0;4;1
2;4;0:0;21:12;1;10;0;4;1
0;1;0:0;20:7;1;10;0;4
0;1;1:0;18:7;1;10;0;4
0;1;7:2;24:7;1;10;0;4
0;1;0:5;23:7;1;10;0;4
0;1;0:5;22:7;1;10;0;4
0;1;0:5;21:7;1;10;0;4
0;1;0:5;17:7;1;10;0;4
0;1;1:2;18:8;1;10;0;4
0;1;2:4;17:8;1;10;0;4
0;2;2:4;21:18;1;10;0;4
0;2;2:4;22:18;1;10;0;4
0;2;2:4;23:18;1;10;0;4
1;3;0:0;21.5:6;1;10;0;4;100
0;1;6:2;26:14;1;10;0;4
0;1;7:2;28:14;1;10;0;4
2;1;0:0;32:17;1;10;0;4;1
2;1;0:0;33:17;1;10;0;4;1
2;1;0:0;34:17;1;10;0;4;1
2;1;0:0;35:17;1;10;0;4;1
2;1;0:0;36:17;1;10;0;4;1
2;1;0:0;37:17;1;10;0;4;1
2;1;0:0;38:17;1;10;0;4;1
2;1;0:0;38:16;1;10;0;4;1
2;1;0:0;37:16;1;10;0;4;1
2;1;0:0;36:16;1;10;0;4;1
2;1;0:0;35:16;1;10;0;4;1
2;1;0:0;34:16;1;10;0;4;1
2;1;0:0;33:16;1;10;0;4;1
2;1;0:0;32:16;1;10;0;4;1
2;1;0:0;32:15;1;10;0;4;1
2;1;0:0;33:15;1;10;0;4;1
2;1;0:0;34:15;1;10;0;4;1
2;1;0:0;35:15;1;10;0;4;1
2;1;0:0;36:15;1;10;0;4;1
2;1;0:0;37:15;1;10;0;4;1
2;1;0:0;38:15;1;10;0;4;1
0;1;1:5;27:14;1;10;0;4
0;9;0:0;29:17.5;1;10;0;7,1,0,false,1,29.5:14
0;8;0:0;25:13.5;1;10;0;7,1,0,false,1,25.5:7
0;13;0:0;5:19;1;10;0;4
0;13;0:0;13:19;1;10;0;4
0;1;1:4;16:8;1;10;0;4
0;1;1:4;13:8;1;10;0;4
0;1;2:4;15:8;1;10;0;4
0;1;2:4;14:8;1;10;0;4
0;1;2:4;12:8;1;10;0;4
0;1;0:2;11:8;1;10;0;4
0;1;0:0;11:7;1;10;0;4
0;1;0:5;12:7;1;10;0;4
0;1;0:5;13:7;1;10;0;4
0;1;0:5;14:7;1;10;0;4
0;1;0:5;15:7;1;10;0;4
0;1;0:5;16:7;1;10;0;4
0;1;6:2;12:12;1;10;0;4
0;1;7:2;17:12;1;10;0;4
0;1;1:5;13:12;1;10;0;4
0;1;1:5;14:12;1;10;0;4
0;1;1:5;15:12;1;10;0;4
0;1;1:5;16:12;1;10;0;4
0;8;0:0;11:11.5;1;10;0;7,1,0,false,2,9:10,10.5:7
2;2;0:0;23:6;1;10;0;4;1
2;2;0:0;13:6;1;10;0;4;1
2;2;0:0;14:6;1;10;0;4;1
2;2;0:0;15:6;1;10;0;4;1
2;2;0:0;16:6;1;10;0;4;1
2;2;0:0;14:11;1;10;0;4;1
2;2;0:0;15:11;1;10;0;4;1
1;5;0:0;19:7;1;30;0;7,1,0,false,1,19.5:11.5;100
1;6;0:0;12:4;1;30;0;7,1,0,false,1,12.5:6.5;100
1;7;0:0;5:13;1;40;0;7,1,0,false,3,6.5:15.5,4.5:15.5,5.5:13.5;100
1;8;0:0;11:14;1;50;0;8,40,0,false,360,12.5:12.5;100
0;9;0:0;9:17.5;1;10;3,3,0,1;4
0;8;0:0;15:17.5;1;10;3,4,0,1;4
1;9;0:0;8:11;1;30;0;4;100
0;1;0:1;20:14;1;10;0;4
1;10;0:0;32:14;1;30;0;7,1,0,false,1,38.5:14.5;100
1;10;0:0;7:11;1;30;0;4;100
1;11;0:0;5:17.22;1;1;0;4;100
0;9;0:0;4:17.5;1;1;3,1,0,1;4
0;8;0:0;6:17.5;1;1;3,2,0,1;4
3;1;0:0;1:16;1.3;10;0
0;1;8:1;20:12;1;10;0;3
0;1;8:1;20:13;1;10;0;3
0;1;0:1;20:14;1;10;0;3